# relative_time, cycles_done, cur_item, corpus_count, pending_total, pending_favs, map_size, saved_crashes, saved_hangs, max_depth, execs_per_sec, total_execs, edges_found
79, 0, 2, 3, 3, 3, 10.09%, 0, 0, 1, 0.04, 39, 109190
105, 0, 2, 3, 3, 3, 10.09%, 0, 0, 1, 0.04, 40, 109190
132, 0, 2, 3, 3, 3, 10.09%, 0, 0, 1, 0.04, 41, 109190
158, 0, 2, 3, 3, 3, 10.09%, 0, 0, 1, 0.04, 42, 109190
184, 0, 2, 3, 3, 3, 10.09%, 0, 0, 1, 0.04, 43, 109190
201, 0, 2, 3, 3, 3, 10.09%, 0, 0, 1, 0.04, 44, 109190
218, 0, 2, 3, 3, 3, 10.09%, 0, 0, 1, 0.04, 45, 109190
236, 0, 2, 3, 3, 3, 10.09%, 0, 0, 1, 0.04, 46, 109190
254, 0, 2, 3, 3, 3, 10.09%, 0, 0, 1, 0.04, 47, 109190
271, 0, 2, 3, 3, 3, 10.09%, 0, 0, 1, 0.04, 48, 109190
288, 0, 2, 3, 3, 3, 10.09%, 0, 0, 1, 0.04, 49, 109190
306, 0, 2, 3, 3, 3, 10.09%, 0, 0, 1, 0.05, 50, 109190
323, 0, 2, 3, 3, 3, 10.09%, 0, 0, 1, 0.05, 51, 109190
340, 0, 2, 3, 3, 3, 10.09%, 0, 0, 1, 0.05, 52, 109190
357, 0, 2, 3, 3, 3, 10.09%, 0, 0, 1, 0.05, 53, 109190
375, 0, 2, 3, 3, 3, 10.09%, 0, 0, 1, 0.05, 54, 109190
392, 0, 2, 3, 3, 3, 10.09%, 0, 0, 1, 0.05, 55, 109190
409, 0, 2, 3, 3, 3, 10.09%, 0, 0, 1, 0.05, 56, 109190
426, 0, 2, 3, 3, 3, 10.09%, 0, 0, 1, 0.05, 57, 109190
444, 0, 2, 3, 3, 3, 10.09%, 0, 0, 1, 0.05, 58, 109190
461, 0, 2, 3, 3, 3, 10.09%, 0, 0, 1, 0.05, 59, 109190
478, 0, 2, 3, 3, 3, 10.09%, 0, 0, 1, 0.05, 60, 109190
496, 0, 2, 3, 3, 3, 10.09%, 0, 0, 1, 0.05, 61, 109190
514, 0, 2, 3, 3, 3, 10.09%, 0, 0, 1, 0.05, 62, 109190
532, 0, 2, 3, 3, 3, 10.09%, 0, 0, 1, 0.05, 63, 109190
550, 0, 2, 3, 3, 3, 10.09%, 0, 0, 1, 0.05, 64, 109190
567, 0, 2, 3, 3, 3, 10.09%, 0, 0, 1, 0.05, 65, 109190
585, 0, 2, 3, 3, 3, 10.09%, 0, 0, 1, 0.05, 66, 109190
603, 0, 2, 3, 3, 3, 10.09%, 0, 0, 1, 0.05, 67, 109190
620, 0, 2, 3, 3, 3, 10.09%, 0, 0, 1, 0.05, 68, 109190
638, 0, 2, 3, 3, 3, 10.09%, 0, 0, 1, 0.05, 69, 109190
656, 0, 2, 3, 3, 3, 10.09%, 0, 0, 1, 0.05, 70, 109190
889, 0, 2, 4, 4, 3, 10.09%, 0, 0, 2, 0.05, 83, 109193
1121, 0, 2, 5, 5, 3, 10.09%, 0, 0, 2, 0.05, 96, 109194
1352, 0, 2, 6, 6, 3, 10.09%, 0, 0, 2, 0.05, 109, 109194
1369, 0, 2, 6, 6, 3, 10.09%, 0, 0, 2, 0.05, 110, 109194
1386, 0, 2, 6, 6, 3, 10.09%, 0, 0, 2, 0.05, 111, 109194
1404, 0, 2, 6, 6, 3, 10.09%, 0, 0, 2, 0.05, 112, 109194
1422, 0, 2, 6, 6, 3, 10.09%, 0, 0, 2, 0.05, 113, 109194
1654, 0, 2, 7, 7, 3, 10.09%, 0, 0, 2, 0.05, 126, 109194
1887, 0, 2, 8, 8, 3, 10.09%, 0, 0, 2, 0.05, 139, 109214
2134, 0, 2, 9, 9, 3, 10.09%, 0, 0, 2, 0.05, 152, 109214
2379, 0, 2, 10, 10, 3, 10.09%, 0, 0, 2, 0.05, 165, 109215
2397, 0, 2, 10, 10, 3, 10.09%, 0, 0, 2, 0.05, 166, 109215
2610, 0, 2, 11, 11, 3, 10.09%, 0, 0, 2, 0.06, 179, 109229
2840, 0, 2, 12, 12, 3, 10.09%, 0, 0, 2, 0.06, 192, 109256
3103, 0, 2, 13, 13, 3, 10.10%, 0, 0, 2, 0.05, 205, 109290
3122, 0, 2, 13, 13, 3, 10.10%, 0, 0, 2, 0.05, 206, 109290
3365, 0, 2, 14, 14, 3, 10.10%, 0, 0, 2, 0.05, 219, 109290
3607, 0, 2, 15, 15, 3, 10.10%, 0, 0, 2, 0.05, 232, 109297
3855, 0, 2, 16, 16, 3, 10.10%, 0, 0, 2, 0.05, 245, 109298
4093, 0, 2, 17, 17, 3, 10.10%, 0, 0, 2, 0.05, 258, 109298
4326, 0, 2, 18, 18, 3, 10.10%, 0, 0, 2, 0.05, 271, 109298
4558, 0, 2, 19, 19, 3, 10.10%, 0, 0, 2, 0.05, 284, 109298
4576, 0, 2, 19, 19, 3, 10.10%, 0, 0, 2, 0.05, 285, 109298
4813, 0, 2, 20, 20, 3, 10.10%, 0, 0, 2, 0.05, 298, 109298
5048, 0, 2, 21, 21, 3, 10.10%, 0, 0, 2, 0.05, 311, 109298
5067, 0, 2, 21, 21, 3, 10.10%, 0, 0, 2, 0.05, 312, 109298
5312, 0, 2, 22, 22, 3, 10.10%, 0, 0, 2, 0.05, 325, 109298
5813, 0, 2, 23, 23, 3, 10.11%, 0, 0, 2, 0.05, 338, 109470
6177, 0, 2, 24, 24, 3, 10.11%, 0, 0, 2, 0.05, 351, 109470
6195, 0, 2, 24, 24, 3, 10.11%, 0, 0, 2, 0.05, 352, 109470
6447, 0, 2, 25, 25, 3, 10.11%, 0, 0, 2, 0.05, 365, 109470
6694, 0, 2, 26, 26, 3, 10.11%, 0, 0, 2, 0.05, 378, 109471
6961, 0, 2, 27, 27, 3, 10.11%, 0, 0, 2, 0.05, 391, 109471
7217, 0, 2, 28, 28, 3, 10.11%, 0, 0, 2, 0.05, 404, 109476
7236, 0, 2, 28, 28, 3, 10.11%, 0, 0, 2, 0.05, 405, 109476
7485, 0, 2, 29, 29, 3, 10.11%, 0, 0, 2, 0.05, 418, 109477
7504, 0, 2, 29, 29, 3, 10.11%, 0, 0, 2, 0.05, 419, 109477
7788, 0, 2, 30, 30, 3, 10.11%, 0, 0, 2, 0.05, 432, 109477
8066, 0, 2, 31, 31, 3, 10.11%, 0, 0, 2, 0.05, 445, 109495
8317, 0, 2, 32, 32, 3, 10.11%, 0, 0, 2, 0.05, 458, 109495
8581, 0, 2, 33, 33, 3, 10.12%, 0, 0, 2, 0.05, 471, 109496
8833, 0, 2, 34, 34, 3, 10.12%, 0, 0, 2, 0.05, 484, 109496
9088, 0, 2, 35, 35, 3, 10.12%, 0, 0, 2, 0.05, 497, 109496
9349, 0, 2, 36, 36, 3, 10.12%, 0, 0, 2, 0.05, 510, 109496
9368, 0, 2, 36, 36, 3, 10.12%, 0, 0, 2, 0.05, 511, 109496
9387, 0, 2, 36, 36, 3, 10.12%, 0, 0, 2, 0.05, 512, 109496
9406, 0, 2, 36, 36, 3, 10.12%, 0, 0, 2, 0.05, 513, 109496
9668, 0, 2, 37, 37, 3, 10.12%, 0, 0, 2, 0.05, 526, 109549
9687, 0, 2, 37, 37, 3, 10.12%, 0, 0, 2, 0.05, 527, 109549
9707, 0, 2, 37, 37, 3, 10.12%, 0, 0, 2, 0.05, 528, 109549
9726, 0, 2, 37, 37, 3, 10.12%, 0, 0, 2, 0.05, 529, 109549
9981, 0, 2, 38, 38, 3, 10.12%, 0, 0, 2, 0.05, 542, 109556
10236, 0, 2, 39, 39, 3, 10.12%, 0, 0, 2, 0.05, 555, 109556
10489, 0, 2, 40, 40, 3, 10.12%, 0, 0, 2, 0.05, 568, 109560
10749, 0, 2, 41, 41, 3, 10.12%, 0, 0, 2, 0.05, 581, 109565
10999, 0, 2, 42, 42, 3, 10.12%, 0, 0, 2, 0.05, 594, 109565
11262, 0, 2, 43, 43, 3, 10.12%, 0, 0, 2, 0.05, 607, 109565
11282, 0, 2, 43, 43, 3, 10.12%, 0, 0, 2, 0.05, 608, 109565
11532, 0, 2, 44, 44, 3, 10.12%, 0, 0, 2, 0.05, 621, 109565
11782, 0, 2, 45, 45, 3, 10.13%, 0, 0, 2, 0.05, 634, 109694
11801, 0, 2, 45, 45, 3, 10.13%, 0, 0, 2, 0.05, 635, 109694
11821, 0, 2, 45, 45, 3, 10.13%, 0, 0, 2, 0.05, 636, 109694
11840, 0, 2, 45, 45, 3, 10.13%, 0, 0, 2, 0.05, 637, 109694
11860, 0, 2, 45, 45, 3, 10.13%, 0, 0, 2, 0.05, 638, 109694
12116, 0, 2, 46, 46, 3, 10.13%, 0, 0, 2, 0.05, 651, 109694
12135, 0, 2, 46, 46, 3, 10.13%, 0, 0, 2, 0.05, 652, 109694
12389, 0, 2, 47, 47, 3, 10.13%, 0, 0, 2, 0.05, 665, 109696
12409, 0, 2, 47, 47, 3, 10.13%, 0, 0, 2, 0.05, 666, 109696
12428, 0, 2, 47, 47, 3, 10.13%, 0, 0, 2, 0.05, 667, 109696
12448, 0, 2, 47, 47, 3, 10.13%, 0, 0, 2, 0.05, 668, 109696
12720, 0, 2, 48, 48, 3, 10.13%, 0, 0, 2, 0.05, 681, 109696
12739, 0, 2, 48, 48, 3, 10.13%, 0, 0, 2, 0.05, 682, 109696
13118, 0, 2, 49, 49, 3, 10.13%, 0, 0, 2, 0.05, 695, 109696
13371, 0, 2, 50, 50, 3, 10.13%, 0, 0, 2, 0.05, 708, 109696
13390, 0, 2, 50, 50, 3, 10.13%, 0, 0, 2, 0.05, 709, 109696
13643, 0, 2, 51, 51, 3, 10.13%, 0, 0, 2, 0.05, 722, 109696
13662, 0, 2, 51, 51, 3, 10.13%, 0, 0, 2, 0.05, 723, 109696
13918, 0, 2, 52, 52, 3, 10.13%, 0, 0, 2, 0.05, 736, 109696
13937, 0, 2, 52, 52, 3, 10.13%, 0, 0, 2, 0.05, 737, 109696
13957, 0, 2, 52, 52, 3, 10.13%, 0, 0, 2, 0.05, 738, 109696
14209, 0, 2, 53, 53, 3, 10.13%, 0, 0, 2, 0.05, 751, 109696
14459, 0, 2, 54, 54, 3, 10.13%, 0, 0, 2, 0.05, 764, 109699
14731, 0, 2, 55, 55, 3, 10.13%, 0, 0, 2, 0.05, 777, 109700
14750, 0, 2, 55, 55, 3, 10.13%, 0, 0, 2, 0.05, 778, 109700
14769, 0, 2, 55, 55, 3, 10.13%, 0, 0, 2, 0.05, 779, 109700
14788, 0, 2, 55, 55, 3, 10.13%, 0, 0, 2, 0.05, 780, 109700
14808, 0, 2, 55, 55, 3, 10.13%, 0, 0, 2, 0.05, 781, 109700
14827, 0, 2, 55, 55, 3, 10.13%, 0, 0, 2, 0.05, 782, 109700
15089, 0, 2, 56, 56, 3, 10.13%, 0, 0, 2, 0.05, 795, 109700
15349, 0, 2, 57, 57, 3, 10.13%, 0, 0, 2, 0.05, 808, 109700
15369, 0, 2, 57, 57, 3, 10.13%, 0, 0, 2, 0.05, 809, 109700
15388, 0, 2, 57, 57, 3, 10.13%, 0, 0, 2, 0.05, 810, 109700
15408, 0, 2, 57, 57, 3, 10.13%, 0, 0, 2, 0.05, 811, 109700
15428, 0, 2, 57, 57, 3, 10.13%, 0, 0, 2, 0.05, 812, 109700
15447, 0, 2, 57, 57, 3, 10.13%, 0, 0, 2, 0.05, 813, 109700
15467, 0, 2, 57, 57, 3, 10.13%, 0, 0, 2, 0.05, 814, 109700
15486, 0, 2, 57, 57, 3, 10.13%, 0, 0, 2, 0.05, 815, 109700
15506, 0, 2, 57, 57, 3, 10.13%, 0, 0, 2, 0.05, 816, 109700
15905, 0, 2, 58, 58, 3, 10.13%, 0, 0, 2, 0.05, 829, 109700
16146, 0, 2, 59, 59, 3, 10.13%, 0, 0, 2, 0.05, 842, 109700
16398, 0, 2, 60, 60, 3, 10.13%, 0, 0, 2, 0.05, 855, 109700
16652, 0, 2, 61, 61, 3, 10.13%, 0, 0, 2, 0.05, 868, 109700
16672, 0, 2, 61, 61, 3, 10.13%, 0, 0, 2, 0.05, 869, 109700
16691, 0, 2, 61, 61, 3, 10.13%, 0, 0, 2, 0.05, 870, 109700
16946, 0, 2, 62, 62, 3, 10.13%, 0, 0, 2, 0.05, 883, 109701
17209, 0, 2, 63, 63, 3, 10.13%, 0, 0, 2, 0.05, 896, 109703
17229, 0, 2, 63, 63, 3, 10.13%, 0, 0, 2, 0.05, 897, 109703
17497, 0, 2, 64, 64, 3, 10.13%, 0, 0, 2, 0.05, 910, 109703
17517, 0, 2, 64, 64, 3, 10.13%, 0, 0, 2, 0.05, 911, 109703
17894, 0, 2, 65, 65, 3, 10.13%, 0, 0, 2, 0.05, 924, 109705
18264, 0, 2, 66, 66, 3, 10.33%, 0, 0, 2, 0.05, 937, 111800
18524, 0, 2, 67, 67, 3, 10.33%, 0, 0, 2, 0.05, 950, 111800
18800, 0, 2, 68, 68, 3, 10.33%, 0, 0, 2, 0.05, 963, 111800
18821, 0, 2, 68, 68, 3, 10.33%, 0, 0, 2, 0.05, 964, 111800
18840, 0, 2, 68, 68, 3, 10.33%, 0, 0, 2, 0.05, 965, 111800
18860, 0, 2, 68, 68, 3, 10.33%, 0, 0, 2, 0.05, 966, 111800
18880, 0, 2, 68, 68, 3, 10.33%, 0, 0, 2, 0.05, 967, 111800
19146, 0, 2, 69, 69, 3, 10.33%, 0, 0, 2, 0.05, 980, 111800
19167, 0, 2, 69, 69, 3, 10.33%, 0, 0, 2, 0.05, 981, 111800
19186, 0, 2, 69, 69, 3, 10.33%, 0, 0, 2, 0.05, 982, 111800
19205, 0, 2, 69, 69, 3, 10.33%, 0, 0, 2, 0.05, 983, 111800
19613, 0, 2, 70, 70, 3, 10.33%, 0, 0, 2, 0.05, 996, 111801
19891, 0, 2, 71, 71, 3, 10.33%, 0, 0, 2, 0.05, 1009, 111801
20146, 0, 2, 72, 72, 3, 10.33%, 0, 0, 2, 0.05, 1022, 111801
20165, 0, 2, 72, 72, 3, 10.33%, 0, 0, 2, 0.05, 1023, 111801
20185, 0, 2, 72, 72, 3, 10.33%, 0, 0, 2, 0.05, 1024, 111801
20205, 0, 2, 72, 72, 3, 10.33%, 0, 0, 2, 0.05, 1025, 111801
20225, 0, 2, 72, 72, 3, 10.33%, 0, 0, 2, 0.05, 1026, 111801
20471, 0, 2, 73, 73, 3, 10.33%, 0, 0, 2, 0.05, 1039, 111801
20491, 0, 2, 73, 73, 3, 10.33%, 0, 0, 2, 0.05, 1040, 111801
20763, 0, 2, 74, 74, 3, 10.33%, 0, 0, 2, 0.05, 1053, 111801
21016, 0, 2, 75, 75, 3, 10.33%, 0, 0, 2, 0.05, 1066, 111801
21274, 0, 2, 76, 76, 3, 10.33%, 0, 0, 2, 0.05, 1079, 111816
21294, 0, 2, 76, 76, 3, 10.33%, 0, 0, 2, 0.05, 1080, 111816
21313, 0, 2, 76, 76, 3, 10.33%, 0, 0, 2, 0.05, 1081, 111816
21332, 0, 2, 76, 76, 3, 10.33%, 0, 0, 2, 0.05, 1082, 111816
21593, 0, 2, 77, 77, 3, 10.33%, 0, 0, 2, 0.05, 1095, 111816
21612, 0, 2, 77, 77, 3, 10.33%, 0, 0, 2, 0.05, 1096, 111816
22000, 0, 2, 78, 78, 3, 10.34%, 0, 0, 2, 0.05, 1109, 111909
22020, 0, 2, 78, 78, 3, 10.34%, 0, 0, 2, 0.05, 1110, 111909
22271, 0, 2, 79, 79, 3, 10.34%, 0, 0, 2, 0.05, 1123, 111911
22291, 0, 2, 79, 79, 3, 10.34%, 0, 0, 2, 0.05, 1124, 111911
22312, 0, 2, 79, 79, 3, 10.34%, 0, 0, 2, 0.05, 1125, 111911
22331, 0, 2, 79, 79, 3, 10.34%, 0, 0, 2, 0.05, 1126, 111911
22349, 0, 2, 79, 79, 3, 10.34%, 0, 0, 2, 0.05, 1127, 111911
22369, 0, 2, 79, 79, 3, 10.34%, 0, 0, 2, 0.05, 1128, 111911
22388, 0, 2, 79, 79, 3, 10.34%, 0, 0, 2, 0.05, 1129, 111911
22408, 0, 2, 79, 79, 3, 10.34%, 0, 0, 2, 0.05, 1130, 111911
22792, 0, 2, 80, 80, 3, 10.34%, 0, 0, 2, 0.05, 1143, 111911
22811, 0, 2, 80, 80, 3, 10.34%, 0, 0, 2, 0.05, 1144, 111911
22832, 0, 2, 80, 80, 3, 10.34%, 0, 0, 2, 0.05, 1145, 111911
23088, 0, 2, 81, 81, 3, 10.34%, 0, 0, 2, 0.05, 1158, 111911
23108, 0, 2, 81, 81, 3, 10.34%, 0, 0, 2, 0.05, 1159, 111911
23127, 0, 2, 81, 81, 3, 10.34%, 0, 0, 2, 0.05, 1160, 111911
23147, 0, 2, 81, 81, 3, 10.34%, 0, 0, 2, 0.05, 1161, 111911
23166, 0, 2, 81, 81, 3, 10.34%, 0, 0, 2, 0.05, 1162, 111911
23571, 0, 2, 82, 82, 3, 10.34%, 0, 0, 2, 0.05, 1175, 111911
23591, 0, 2, 82, 82, 3, 10.34%, 0, 0, 2, 0.05, 1176, 111911
23941, 0, 2, 83, 83, 3, 10.34%, 0, 0, 2, 0.05, 1189, 111913
23962, 0, 2, 83, 83, 3, 10.34%, 0, 0, 2, 0.05, 1190, 111913
23981, 0, 2, 83, 83, 3, 10.34%, 0, 0, 2, 0.05, 1191, 111913
24265, 0, 2, 84, 84, 3, 10.34%, 0, 0, 2, 0.05, 1204, 111913
24284, 0, 2, 84, 84, 3, 10.34%, 0, 0, 2, 0.05, 1205, 111913
24304, 0, 2, 84, 84, 3, 10.34%, 0, 0, 2, 0.05, 1206, 111913
24691, 0, 2, 85, 85, 3, 10.34%, 0, 0, 2, 0.05, 1219, 111913
24711, 0, 2, 85, 85, 3, 10.34%, 0, 0, 2, 0.05, 1220, 111913
24731, 0, 2, 85, 85, 3, 10.34%, 0, 0, 2, 0.05, 1221, 111913
25099, 0, 2, 86, 86, 3, 10.34%, 0, 0, 2, 0.05, 1234, 111913
25119, 0, 2, 86, 86, 3, 10.34%, 0, 0, 2, 0.05, 1235, 111913
25139, 0, 2, 86, 86, 3, 10.34%, 0, 0, 2, 0.05, 1236, 111913
25159, 0, 2, 86, 86, 3, 10.34%, 0, 0, 2, 0.05, 1237, 111913
25179, 0, 2, 86, 86, 3, 10.34%, 0, 0, 2, 0.05, 1238, 111913
25552, 0, 2, 87, 87, 3, 10.34%, 0, 0, 2, 0.05, 1251, 111913
25816, 0, 2, 88, 88, 3, 10.34%, 0, 0, 2, 0.05, 1264, 111913
25835, 0, 2, 88, 88, 3, 10.34%, 0, 0, 2, 0.05, 1265, 111913
26117, 0, 2, 89, 89, 3, 10.34%, 0, 0, 2, 0.05, 1278, 111913
26137, 0, 2, 89, 89, 3, 10.34%, 0, 0, 2, 0.05, 1279, 111913
26158, 0, 2, 89, 89, 3, 10.34%, 0, 0, 2, 0.05, 1280, 111913
26178, 0, 2, 89, 89, 3, 10.34%, 0, 0, 2, 0.05, 1281, 111913
26557, 0, 2, 90, 90, 3, 10.34%, 0, 0, 2, 0.05, 1294, 111913
26576, 0, 2, 90, 90, 3, 10.34%, 0, 0, 2, 0.05, 1295, 111913
26596, 0, 2, 90, 90, 3, 10.34%, 0, 0, 2, 0.05, 1296, 111913
26847, 0, 2, 91, 91, 3, 10.34%, 0, 0, 2, 0.05, 1309, 111913
26867, 0, 2, 91, 91, 3, 10.34%, 0, 0, 2, 0.05, 1310, 111913
26898, 0, 2, 91, 91, 3, 10.34%, 0, 0, 2, 0.05, 1311, 111913
26917, 0, 2, 91, 91, 3, 10.34%, 0, 0, 2, 0.05, 1312, 111913
26937, 0, 2, 91, 91, 3, 10.34%, 0, 0, 2, 0.05, 1313, 111913
26956, 0, 2, 91, 91, 3, 10.34%, 0, 0, 2, 0.05, 1314, 111913
26975, 0, 2, 91, 91, 3, 10.34%, 0, 0, 2, 0.05, 1315, 111913
26996, 0, 2, 91, 91, 3, 10.34%, 0, 0, 2, 0.05, 1316, 111913
27014, 0, 2, 91, 91, 3, 10.34%, 0, 0, 2, 0.05, 1317, 111913
27034, 0, 2, 91, 91, 3, 10.34%, 0, 0, 2, 0.05, 1318, 111913
27408, 0, 2, 92, 92, 3, 10.52%, 0, 0, 2, 0.05, 1331, 113897
27427, 0, 2, 92, 92, 3, 10.52%, 0, 0, 2, 0.05, 1332, 113897
27714, 0, 2, 93, 93, 3, 10.52%, 0, 0, 2, 0.05, 1345, 113899
27734, 0, 2, 93, 93, 3, 10.52%, 0, 0, 2, 0.05, 1346, 113899
27753, 0, 2, 93, 93, 3, 10.52%, 0, 0, 2, 0.05, 1347, 113899
27772, 0, 2, 93, 93, 3, 10.52%, 0, 0, 2, 0.05, 1348, 113899
27793, 0, 2, 93, 93, 3, 10.52%, 0, 0, 2, 0.05, 1349, 113899
27821, 0, 2, 93, 93, 3, 10.52%, 0, 0, 2, 0.05, 1350, 113899
28223, 0, 2, 94, 94, 3, 10.52%, 0, 0, 2, 0.05, 1363, 113899
28242, 0, 2, 94, 94, 3, 10.52%, 0, 0, 2, 0.05, 1364, 113899
28262, 0, 2, 94, 94, 3, 10.52%, 0, 0, 2, 0.05, 1365, 113899
28282, 0, 2, 94, 94, 3, 10.52%, 0, 0, 2, 0.05, 1366, 113899
28647, 0, 2, 95, 95, 3, 10.52%, 0, 0, 2, 0.05, 1379, 113899
28667, 0, 2, 95, 95, 3, 10.52%, 0, 0, 2, 0.05, 1380, 113899
28686, 0, 2, 95, 95, 3, 10.52%, 0, 0, 2, 0.05, 1381, 113899
28706, 0, 2, 95, 95, 3, 10.52%, 0, 0, 2, 0.05, 1382, 113899
28726, 0, 2, 95, 95, 3, 10.52%, 0, 0, 2, 0.05, 1383, 113899
28746, 0, 2, 95, 95, 3, 10.52%, 0, 0, 2, 0.05, 1384, 113899
28766, 0, 2, 95, 95, 3, 10.52%, 0, 0, 2, 0.05, 1385, 113899
29282, 0, 2, 96, 96, 3, 10.53%, 0, 0, 2, 0.05, 1398, 113936
29527, 0, 2, 97, 97, 3, 10.53%, 0, 0, 2, 0.05, 1411, 113936
29813, 0, 2, 98, 98, 3, 10.53%, 0, 0, 2, 0.05, 1424, 113936
29834, 0, 2, 98, 98, 3, 10.53%, 0, 0, 2, 0.05, 1425, 113936
29854, 0, 2, 98, 98, 3, 10.53%, 0, 0, 2, 0.05, 1426, 113936
29874, 0, 2, 98, 98, 3, 10.53%, 0, 0, 2, 0.05, 1427, 113936
29893, 0, 2, 98, 98, 3, 10.53%, 0, 0, 2, 0.05, 1428, 113936
30156, 0, 2, 99, 99, 3, 10.53%, 0, 0, 2, 0.05, 1441, 113936
30176, 0, 2, 99, 99, 3, 10.53%, 0, 0, 2, 0.05, 1442, 113936
30439, 0, 2, 100, 100, 3, 10.53%, 0, 0, 2, 0.05, 1455, 113936
30460, 0, 2, 100, 100, 3, 10.53%, 0, 0, 2, 0.05, 1456, 113936
30482, 0, 2, 100, 100, 3, 10.53%, 0, 0, 2, 0.05, 1457, 113936
30502, 0, 2, 100, 100, 3, 10.53%, 0, 0, 2, 0.05, 1458, 113936
30725, 0, 2, 101, 101, 3, 10.53%, 0, 0, 2, 0.05, 1471, 113936
30744, 0, 2, 101, 101, 3, 10.53%, 0, 0, 2, 0.05, 1472, 113936
30762, 0, 2, 101, 101, 3, 10.53%, 0, 0, 2, 0.05, 1473, 113936
30789, 0, 2, 101, 101, 3, 10.53%, 0, 0, 2, 0.05, 1474, 113936
30807, 0, 2, 101, 101, 3, 10.53%, 0, 0, 2, 0.05, 1475, 113936
30826, 0, 2, 101, 101, 3, 10.53%, 0, 0, 2, 0.05, 1476, 113936
30845, 0, 2, 101, 101, 3, 10.53%, 0, 0, 2, 0.05, 1477, 113936
30863, 0, 2, 101, 101, 3, 10.53%, 0, 0, 2, 0.05, 1478, 113936
30881, 0, 2, 101, 101, 3, 10.53%, 0, 0, 2, 0.05, 1479, 113936
31108, 0, 2, 102, 102, 3, 10.53%, 0, 0, 2, 0.05, 1492, 113974
31127, 0, 2, 102, 102, 3, 10.53%, 0, 0, 2, 0.05, 1493, 113974
31145, 0, 2, 102, 102, 3, 10.53%, 0, 0, 2, 0.05, 1494, 113974
31509, 0, 2, 103, 103, 3, 10.53%, 0, 0, 2, 0.05, 1507, 113974
31527, 0, 2, 103, 103, 3, 10.53%, 0, 0, 2, 0.05, 1508, 113974
31897, 0, 2, 104, 104, 3, 10.53%, 0, 0, 2, 0.05, 1521, 113974
31915, 0, 2, 104, 104, 3, 10.53%, 0, 0, 2, 0.05, 1522, 113974
32157, 0, 2, 105, 105, 3, 10.53%, 0, 0, 2, 0.05, 1535, 113974
32174, 0, 2, 105, 105, 3, 10.53%, 0, 0, 2, 0.05, 1536, 113974
32193, 0, 2, 105, 105, 3, 10.53%, 0, 0, 2, 0.05, 1537, 113974
32630, 0, 2, 106, 106, 3, 10.53%, 0, 0, 2, 0.05, 1550, 113974
32648, 0, 2, 106, 106, 3, 10.53%, 0, 0, 2, 0.05, 1551, 113974
33013, 0, 2, 107, 107, 3, 10.53%, 0, 0, 2, 0.05, 1564, 113974
33367, 0, 2, 108, 108, 3, 10.53%, 0, 0, 2, 0.05, 1577, 113974
33385, 0, 2, 108, 108, 3, 10.53%, 0, 0, 2, 0.05, 1578, 113974
33403, 0, 2, 108, 108, 3, 10.53%, 0, 0, 2, 0.05, 1579, 113974
33422, 0, 2, 108, 108, 3, 10.53%, 0, 0, 2, 0.05, 1580, 113974
33440, 0, 2, 108, 108, 3, 10.53%, 0, 0, 2, 0.05, 1581, 113974
33679, 0, 2, 109, 109, 3, 10.53%, 0, 0, 2, 0.05, 1594, 113974
33697, 0, 2, 109, 109, 3, 10.53%, 0, 0, 2, 0.05, 1595, 113974
33716, 0, 2, 109, 109, 3, 10.53%, 0, 0, 2, 0.05, 1596, 113974
33734, 0, 2, 109, 109, 3, 10.53%, 0, 0, 2, 0.05, 1597, 113974
33970, 0, 2, 110, 110, 3, 10.53%, 0, 0, 2, 0.05, 1610, 113974
34231, 0, 2, 111, 111, 3, 10.53%, 0, 0, 2, 0.05, 1623, 113974
34249, 0, 2, 111, 111, 3, 10.53%, 0, 0, 2, 0.05, 1624, 113974
34277, 0, 2, 111, 111, 3, 10.53%, 0, 0, 2, 0.05, 1625, 113974
34295, 0, 2, 111, 111, 3, 10.53%, 0, 0, 2, 0.05, 1626, 113974
34314, 0, 2, 111, 111, 3, 10.53%, 0, 0, 2, 0.05, 1627, 113974
34332, 0, 2, 111, 111, 3, 10.53%, 0, 0, 2, 0.05, 1628, 113974
34650, 0, 2, 112, 112, 3, 10.53%, 0, 0, 2, 0.05, 1641, 113974
34666, 0, 2, 112, 112, 3, 10.53%, 0, 0, 2, 0.05, 1642, 113974
34681, 0, 2, 112, 112, 3, 10.53%, 0, 0, 2, 0.05, 1643, 113974
34697, 0, 2, 112, 112, 3, 10.53%, 0, 0, 2, 0.05, 1644, 113974
34713, 0, 2, 112, 112, 3, 10.53%, 0, 0, 2, 0.05, 1645, 113974
34728, 0, 2, 112, 112, 3, 10.53%, 0, 0, 2, 0.05, 1646, 113974
34919, 0, 2, 113, 113, 3, 10.53%, 0, 0, 2, 0.06, 1659, 113974
34934, 0, 2, 113, 113, 3, 10.53%, 0, 0, 2, 0.06, 1660, 113974
34950, 0, 2, 113, 113, 3, 10.53%, 0, 0, 2, 0.06, 1661, 113974
34966, 0, 2, 113, 113, 3, 10.53%, 0, 0, 2, 0.06, 1662, 113974
35172, 0, 2, 114, 114, 3, 10.53%, 0, 0, 2, 0.06, 1675, 113974
35187, 0, 2, 114, 114, 3, 10.53%, 0, 0, 2, 0.06, 1676, 113974
35204, 0, 2, 114, 114, 3, 10.53%, 0, 0, 2, 0.06, 1677, 113974
35434, 0, 2, 115, 115, 3, 10.53%, 0, 0, 2, 0.06, 1690, 113976
35450, 0, 2, 115, 115, 3, 10.53%, 0, 0, 2, 0.06, 1691, 113976
35465, 0, 2, 115, 115, 3, 10.53%, 0, 0, 2, 0.06, 1692, 113976
35482, 0, 2, 115, 115, 3, 10.53%, 0, 0, 2, 0.06, 1693, 113976
35696, 0, 2, 116, 116, 3, 10.63%, 0, 0, 2, 0.06, 1706, 115116
35713, 0, 2, 116, 116, 3, 10.63%, 0, 0, 2, 0.06, 1707, 115116
35936, 0, 2, 117, 117, 3, 10.63%, 0, 0, 2, 0.06, 1720, 115116
35952, 0, 2, 117, 117, 3, 10.63%, 0, 0, 2, 0.06, 1721, 115116
35969, 0, 2, 117, 117, 3, 10.63%, 0, 0, 2, 0.06, 1722, 115116
36202, 0, 2, 118, 118, 3, 10.93%, 0, 0, 2, 0.06, 1735, 118306
36218, 0, 2, 118, 118, 3, 10.93%, 0, 0, 2, 0.06, 1736, 118306
36235, 0, 2, 118, 118, 3, 10.93%, 0, 0, 2, 0.06, 1737, 118306
36252, 0, 2, 118, 118, 3, 10.93%, 0, 0, 2, 0.06, 1738, 118306
36572, 0, 2, 119, 119, 3, 10.93%, 0, 0, 2, 0.06, 1751, 118307
36588, 0, 2, 119, 119, 3, 10.93%, 0, 0, 2, 0.06, 1752, 118307
36603, 0, 2, 119, 119, 3, 10.93%, 0, 0, 2, 0.06, 1753, 118307
36620, 0, 2, 119, 119, 3, 10.93%, 0, 0, 2, 0.06, 1754, 118307
36636, 0, 2, 119, 119, 3, 10.93%, 0, 0, 2, 0.06, 1755, 118307
36652, 0, 2, 119, 119, 3, 10.93%, 0, 0, 2, 0.06, 1756, 118307
36868, 0, 2, 120, 120, 3, 10.94%, 0, 0, 2, 0.06, 1769, 118417
36883, 0, 2, 120, 120, 3, 10.94%, 0, 0, 2, 0.06, 1770, 118417
37102, 0, 2, 121, 121, 3, 10.97%, 0, 0, 2, 0.06, 1783, 118802
37128, 0, 2, 121, 121, 3, 10.97%, 0, 0, 2, 0.06, 1784, 118802
37144, 0, 2, 121, 121, 3, 10.97%, 0, 0, 2, 0.06, 1785, 118802
37375, 0, 2, 122, 122, 3, 11.04%, 0, 0, 2, 0.06, 1798, 119463
37392, 0, 2, 122, 122, 3, 11.04%, 0, 0, 2, 0.06, 1799, 119463
37416, 0, 2, 122, 122, 3, 11.04%, 0, 0, 2, 0.06, 1800, 119463
37442, 0, 2, 122, 122, 3, 11.04%, 0, 0, 2, 0.06, 1801, 119463
37458, 0, 2, 122, 122, 3, 11.04%, 0, 0, 2, 0.06, 1802, 119463
37475, 0, 2, 122, 122, 3, 11.04%, 0, 0, 2, 0.06, 1803, 119463
37491, 0, 2, 122, 122, 3, 11.04%, 0, 0, 2, 0.06, 1804, 119463
37507, 0, 2, 122, 122, 3, 11.04%, 0, 0, 2, 0.06, 1805, 119463
37523, 0, 2, 122, 122, 3, 11.04%, 0, 0, 2, 0.06, 1806, 119463
37538, 0, 2, 122, 122, 3, 11.04%, 0, 0, 2, 0.06, 1807, 119463
37554, 0, 2, 122, 122, 3, 11.04%, 0, 0, 2, 0.06, 1808, 119463
37570, 0, 2, 122, 122, 3, 11.04%, 0, 0, 2, 0.06, 1809, 119463
37586, 0, 2, 122, 122, 3, 11.04%, 0, 0, 2, 0.06, 1810, 119463
37602, 0, 2, 122, 122, 3, 11.04%, 0, 0, 2, 0.06, 1811, 119463
37618, 0, 2, 122, 122, 3, 11.04%, 0, 0, 2, 0.06, 1812, 119463
37802, 0, 2, 123, 123, 3, 11.04%, 0, 0, 2, 0.06, 1825, 119463
37818, 0, 2, 123, 123, 3, 11.04%, 0, 0, 2, 0.06, 1826, 119463
37835, 0, 2, 123, 123, 3, 11.04%, 0, 0, 2, 0.06, 1827, 119463
37852, 0, 2, 123, 123, 3, 11.04%, 0, 0, 2, 0.06, 1828, 119463
38061, 0, 2, 124, 124, 3, 11.04%, 0, 0, 2, 0.06, 1841, 119463
38084, 0, 2, 124, 124, 3, 11.04%, 0, 0, 2, 0.06, 1842, 119463
38100, 0, 2, 124, 124, 3, 11.04%, 0, 0, 2, 0.06, 1843, 119463
38290, 0, 2, 125, 125, 3, 11.04%, 0, 0, 2, 0.06, 1856, 119463
38307, 0, 2, 125, 125, 3, 11.04%, 0, 0, 2, 0.06, 1857, 119463
38519, 0, 2, 126, 126, 3, 11.04%, 0, 0, 2, 0.06, 1870, 119466
38727, 0, 2, 127, 127, 3, 11.04%, 0, 0, 2, 0.06, 1883, 119469
38743, 0, 2, 127, 127, 3, 11.04%, 0, 0, 2, 0.06, 1884, 119469
38759, 0, 2, 127, 127, 3, 11.04%, 0, 0, 2, 0.06, 1885, 119469
38775, 0, 2, 127, 127, 3, 11.04%, 0, 0, 2, 0.06, 1886, 119469
38790, 0, 2, 127, 127, 3, 11.04%, 0, 0, 2, 0.06, 1887, 119469
38807, 0, 2, 127, 127, 3, 11.04%, 0, 0, 2, 0.06, 1888, 119469
39038, 0, 2, 128, 128, 3, 11.04%, 0, 0, 2, 0.06, 1901, 119469
39054, 0, 2, 128, 128, 3, 11.04%, 0, 0, 2, 0.06, 1902, 119469
39070, 0, 2, 128, 128, 3, 11.04%, 0, 0, 2, 0.06, 1903, 119469
39278, 0, 2, 129, 129, 3, 11.04%, 0, 0, 2, 0.06, 1916, 119469
39464, 0, 2, 130, 130, 3, 11.04%, 0, 0, 2, 0.06, 1929, 119474
39480, 0, 2, 130, 130, 3, 11.04%, 0, 0, 2, 0.06, 1930, 119474
39691, 0, 2, 131, 131, 3, 11.04%, 0, 0, 2, 0.06, 1943, 119474
39708, 0, 2, 131, 131, 3, 11.04%, 0, 0, 2, 0.06, 1944, 119474
39923, 0, 2, 132, 132, 3, 11.04%, 0, 0, 2, 0.06, 1957, 119474
39941, 0, 2, 132, 132, 3, 11.04%, 0, 0, 2, 0.06, 1958, 119474
39958, 0, 2, 132, 132, 3, 11.04%, 0, 0, 2, 0.06, 1959, 119474
39983, 0, 2, 132, 132, 3, 11.04%, 0, 0, 2, 0.06, 1960, 119474
40000, 0, 2, 132, 132, 3, 11.04%, 0, 0, 2, 0.06, 1961, 119474
40017, 0, 2, 132, 132, 3, 11.04%, 0, 0, 2, 0.06, 1962, 119474
40033, 0, 2, 132, 132, 3, 11.04%, 0, 0, 2, 0.06, 1963, 119474
40050, 0, 2, 132, 132, 3, 11.04%, 0, 0, 2, 0.06, 1964, 119474
40069, 0, 2, 132, 132, 3, 11.04%, 0, 0, 2, 0.06, 1965, 119474
40085, 0, 2, 132, 132, 3, 11.04%, 0, 0, 2, 0.06, 1966, 119474
40101, 0, 2, 132, 132, 3, 11.04%, 0, 0, 2, 0.06, 1967, 119474
40119, 0, 2, 132, 132, 3, 11.04%, 0, 0, 2, 0.06, 1968, 119474
40136, 0, 2, 132, 132, 3, 11.04%, 0, 0, 2, 0.06, 1969, 119474
40368, 0, 2, 133, 133, 3, 11.04%, 0, 0, 2, 0.06, 1982, 119474
40384, 0, 2, 133, 133, 3, 11.04%, 0, 0, 2, 0.06, 1983, 119474
40411, 0, 2, 133, 133, 3, 11.04%, 0, 0, 2, 0.06, 1984, 119474
40427, 0, 2, 133, 133, 3, 11.04%, 0, 0, 2, 0.06, 1985, 119474
40444, 0, 2, 133, 133, 3, 11.04%, 0, 0, 2, 0.06, 1986, 119474
40460, 0, 2, 133, 133, 3, 11.04%, 0, 0, 2, 0.06, 1987, 119474
40492, 0, 2, 133, 133, 3, 11.04%, 0, 0, 2, 0.06, 1988, 119474
40516, 0, 2, 133, 133, 3, 11.04%, 0, 0, 2, 0.06, 1989, 119474
40532, 0, 2, 133, 133, 3, 11.04%, 0, 0, 2, 0.06, 1990, 119474
40549, 0, 2, 133, 133, 3, 11.04%, 0, 0, 2, 0.06, 1991, 119474
40566, 0, 2, 133, 133, 3, 11.04%, 0, 0, 2, 0.06, 1992, 119474
40584, 0, 2, 133, 133, 3, 11.04%, 0, 0, 2, 0.06, 1993, 119474
40602, 0, 2, 133, 133, 3, 11.04%, 0, 0, 2, 0.06, 1994, 119474
40619, 0, 2, 133, 133, 3, 11.04%, 0, 0, 2, 0.06, 1995, 119474
40826, 0, 2, 134, 134, 3, 11.04%, 0, 0, 2, 0.06, 2008, 119476
40842, 0, 2, 134, 134, 3, 11.04%, 0, 0, 2, 0.06, 2009, 119476
40859, 0, 2, 134, 134, 3, 11.04%, 0, 0, 2, 0.06, 2010, 119476
40875, 0, 2, 134, 134, 3, 11.04%, 0, 0, 2, 0.06, 2011, 119476
40893, 0, 2, 134, 134, 3, 11.04%, 0, 0, 2, 0.06, 2012, 119476
40910, 0, 2, 134, 134, 3, 11.04%, 0, 0, 2, 0.06, 2013, 119476
40926, 0, 2, 134, 134, 3, 11.04%, 0, 0, 2, 0.06, 2014, 119476
40949, 0, 2, 134, 134, 3, 11.04%, 0, 0, 2, 0.06, 2015, 119476
40965, 0, 2, 134, 134, 3, 11.04%, 0, 0, 2, 0.06, 2016, 119476
41174, 0, 2, 135, 135, 3, 11.04%, 0, 0, 2, 0.06, 2029, 119476
41191, 0, 2, 135, 135, 3, 11.04%, 0, 0, 2, 0.06, 2030, 119476
41207, 0, 2, 135, 135, 3, 11.04%, 0, 0, 2, 0.06, 2031, 119476
41223, 0, 2, 135, 135, 3, 11.04%, 0, 0, 2, 0.06, 2032, 119476
41239, 0, 2, 135, 135, 3, 11.04%, 0, 0, 2, 0.06, 2033, 119476
41451, 0, 2, 136, 136, 3, 11.04%, 0, 0, 2, 0.06, 2046, 119476
41468, 0, 2, 136, 136, 3, 11.04%, 0, 0, 2, 0.06, 2047, 119476
41485, 0, 2, 136, 136, 3, 11.04%, 0, 0, 2, 0.06, 2048, 119476
41501, 0, 2, 136, 136, 3, 11.04%, 0, 0, 2, 0.06, 2049, 119476
41518, 0, 2, 136, 136, 3, 11.04%, 0, 0, 2, 0.06, 2050, 119476
41832, 0, 2, 137, 137, 3, 11.07%, 0, 0, 2, 0.06, 2063, 119781
41849, 0, 2, 137, 137, 3, 11.07%, 0, 0, 2, 0.06, 2064, 119781
41866, 0, 2, 137, 137, 3, 11.07%, 0, 0, 2, 0.06, 2065, 119781
41882, 0, 2, 137, 137, 3, 11.07%, 0, 0, 2, 0.06, 2066, 119781
41899, 0, 2, 137, 137, 3, 11.07%, 0, 0, 2, 0.06, 2067, 119781
41915, 0, 2, 137, 137, 3, 11.07%, 0, 0, 2, 0.06, 2068, 119781
42241, 0, 2, 138, 138, 3, 11.07%, 0, 0, 2, 0.06, 2081, 119781
42257, 0, 2, 138, 138, 3, 11.07%, 0, 0, 2, 0.06, 2082, 119781
42274, 0, 2, 138, 138, 3, 11.07%, 0, 0, 2, 0.06, 2083, 119781
42585, 0, 2, 139, 139, 3, 11.07%, 0, 0, 2, 0.06, 2096, 119797
42602, 0, 2, 139, 139, 3, 11.07%, 0, 0, 2, 0.06, 2097, 119797
42620, 0, 2, 139, 139, 3, 11.07%, 0, 0, 2, 0.06, 2098, 119797
42636, 0, 2, 139, 139, 3, 11.07%, 0, 0, 2, 0.06, 2099, 119797
42652, 0, 2, 139, 139, 3, 11.07%, 0, 0, 2, 0.06, 2100, 119797
42668, 0, 2, 139, 139, 3, 11.07%, 0, 0, 2, 0.06, 2101, 119797
42685, 0, 2, 139, 139, 3, 11.07%, 0, 0, 2, 0.06, 2102, 119797
42701, 0, 2, 139, 139, 3, 11.07%, 0, 0, 2, 0.06, 2103, 119797
42719, 0, 2, 139, 139, 3, 11.07%, 0, 0, 2, 0.06, 2104, 119797
42735, 0, 2, 139, 139, 3, 11.07%, 0, 0, 2, 0.06, 2105, 119797
42751, 0, 2, 139, 139, 3, 11.07%, 0, 0, 2, 0.06, 2106, 119797
42767, 0, 2, 139, 139, 3, 11.07%, 0, 0, 2, 0.06, 2107, 119797
42785, 0, 2, 139, 139, 3, 11.07%, 0, 0, 2, 0.06, 2108, 119797
42809, 0, 2, 139, 139, 3, 11.07%, 0, 0, 2, 0.06, 2109, 119797
42825, 0, 2, 139, 139, 3, 11.07%, 0, 0, 2, 0.06, 2110, 119797
42841, 0, 2, 139, 139, 3, 11.07%, 0, 0, 2, 0.06, 2111, 119797
42859, 0, 2, 139, 139, 3, 11.07%, 0, 0, 2, 0.06, 2112, 119797
42877, 0, 2, 139, 139, 3, 11.07%, 0, 0, 2, 0.06, 2113, 119797
42893, 0, 2, 139, 139, 3, 11.07%, 0, 0, 2, 0.06, 2114, 119797
42909, 0, 2, 139, 139, 3, 11.07%, 0, 0, 2, 0.06, 2115, 119797
42925, 0, 2, 139, 139, 3, 11.07%, 0, 0, 2, 0.06, 2116, 119797
42941, 0, 2, 139, 139, 3, 11.07%, 0, 0, 2, 0.06, 2117, 119797
42957, 0, 2, 139, 139, 3, 11.07%, 0, 0, 2, 0.06, 2118, 119797
42973, 0, 2, 139, 139, 3, 11.07%, 0, 0, 2, 0.06, 2119, 119797
42990, 0, 2, 139, 139, 3, 11.07%, 0, 0, 2, 0.06, 2120, 119797
43007, 0, 2, 139, 139, 3, 11.07%, 0, 0, 2, 0.06, 2121, 119797
43023, 0, 2, 139, 139, 3, 11.07%, 0, 0, 2, 0.06, 2122, 119797
43039, 0, 2, 139, 139, 3, 11.07%, 0, 0, 2, 0.06, 2123, 119797
43252, 0, 2, 140, 140, 3, 11.07%, 0, 0, 2, 0.06, 2136, 119797
43268, 0, 2, 140, 140, 3, 11.07%, 0, 0, 2, 0.06, 2137, 119797
43285, 0, 2, 140, 140, 3, 11.07%, 0, 0, 2, 0.06, 2138, 119797
43301, 0, 2, 140, 140, 3, 11.07%, 0, 0, 2, 0.06, 2139, 119797
43318, 0, 2, 140, 140, 3, 11.07%, 0, 0, 2, 0.06, 2140, 119797
43335, 0, 2, 140, 140, 3, 11.07%, 0, 0, 2, 0.06, 2141, 119797
43351, 0, 2, 140, 140, 3, 11.07%, 0, 0, 2, 0.06, 2142, 119797
43562, 0, 2, 141, 141, 3, 11.07%, 0, 0, 2, 0.06, 2155, 119877
43579, 0, 2, 141, 141, 3, 11.07%, 0, 0, 2, 0.06, 2156, 119877
43595, 0, 2, 141, 141, 3, 11.07%, 0, 0, 2, 0.06, 2157, 119877
43612, 0, 2, 141, 141, 3, 11.07%, 0, 0, 2, 0.06, 2158, 119877
43628, 0, 2, 141, 141, 3, 11.07%, 0, 0, 2, 0.06, 2159, 119877
43645, 0, 2, 141, 141, 3, 11.07%, 0, 0, 2, 0.06, 2160, 119877
43660, 0, 2, 141, 141, 3, 11.07%, 0, 0, 2, 0.06, 2161, 119877
43677, 0, 2, 141, 141, 3, 11.07%, 0, 0, 2, 0.06, 2162, 119877
43871, 0, 2, 142, 142, 3, 11.07%, 0, 0, 2, 0.06, 2175, 119877
43888, 0, 2, 142, 142, 3, 11.07%, 0, 0, 2, 0.06, 2176, 119877
43904, 0, 2, 142, 142, 3, 11.07%, 0, 0, 2, 0.06, 2177, 119877
43921, 0, 2, 142, 142, 3, 11.07%, 0, 0, 2, 0.06, 2178, 119877
43937, 0, 2, 142, 142, 3, 11.07%, 0, 0, 2, 0.06, 2179, 119877
43954, 0, 2, 142, 142, 3, 11.07%, 0, 0, 2, 0.06, 2180, 119877
43971, 0, 2, 142, 142, 3, 11.07%, 0, 0, 2, 0.06, 2181, 119877
43987, 0, 2, 142, 142, 3, 11.07%, 0, 0, 2, 0.06, 2182, 119877
44003, 0, 2, 142, 142, 3, 11.07%, 0, 0, 2, 0.06, 2183, 119877
44019, 0, 2, 142, 142, 3, 11.07%, 0, 0, 2, 0.06, 2184, 119877
44036, 0, 2, 142, 142, 3, 11.07%, 0, 0, 2, 0.06, 2185, 119877
44260, 0, 2, 143, 143, 3, 11.52%, 0, 0, 2, 0.06, 2198, 124742
44484, 0, 2, 144, 144, 3, 11.52%, 0, 0, 2, 0.06, 2211, 124742
44708, 0, 2, 145, 145, 3, 11.52%, 0, 0, 2, 0.06, 2224, 124742
45044, 0, 2, 146, 146, 3, 11.53%, 0, 0, 2, 0.06, 2233, 124795
45061, 0, 2, 146, 146, 3, 11.53%, 0, 0, 2, 0.06, 2234, 124795
45233, 0, 2, 147, 147, 3, 11.53%, 0, 0, 2, 0.06, 2238, 124801
45333, 0, 2, 147, 147, 3, 11.53%, 0, 1, 2, 0.01, 2239, 124801
45434, 0, 2, 147, 147, 3, 11.53%, 0, 2, 2, 0.01, 2240, 124801
45534, 0, 2, 147, 147, 3, 11.53%, 0, 3, 2, 0.01, 2241, 124801
45634, 0, 2, 147, 147, 3, 11.53%, 0, 4, 2, 0.01, 2242, 124801
45734, 0, 2, 147, 147, 3, 11.53%, 0, 4, 2, 0.01, 2243, 124801
45834, 0, 2, 147, 147, 3, 11.53%, 0, 5, 2, 0.01, 2244, 124801
45934, 0, 2, 147, 147, 3, 11.53%, 0, 5, 2, 0.01, 2245, 124801
46034, 0, 2, 147, 147, 3, 11.53%, 0, 6, 2, 0.01, 2246, 124801
46040, 0, 2, 147, 147, 3, 11.53%, 1, 6, 2, 4.94, 2271, 124801
