# relative_time, cycles_done, cur_item, corpus_count, pending_total, pending_favs, map_size, saved_crashes, saved_hangs, max_depth, execs_per_sec, total_execs, edges_found
79, 0, 2, 3, 3, 3, 10.52%, 0, 0, 1, 0.04, 39, 113919
106, 0, 2, 3, 3, 3, 10.52%, 0, 0, 1, 0.04, 40, 113919
124, 0, 2, 3, 3, 3, 10.52%, 0, 0, 1, 0.04, 41, 113919
142, 0, 2, 3, 3, 3, 10.52%, 0, 0, 1, 0.04, 42, 113919
160, 0, 2, 3, 3, 3, 10.52%, 0, 0, 1, 0.04, 43, 113919
177, 0, 2, 3, 3, 3, 10.52%, 0, 0, 1, 0.04, 44, 113919
195, 0, 2, 3, 3, 3, 10.52%, 0, 0, 1, 0.04, 45, 113919
213, 0, 2, 3, 3, 3, 10.52%, 0, 0, 1, 0.04, 46, 113919
231, 0, 2, 3, 3, 3, 10.52%, 0, 0, 1, 0.04, 47, 113919
250, 0, 2, 3, 3, 3, 10.52%, 0, 0, 1, 0.05, 48, 113919
268, 0, 2, 3, 3, 3, 10.52%, 0, 0, 1, 0.05, 49, 113919
287, 0, 2, 3, 3, 3, 10.52%, 0, 0, 1, 0.05, 50, 113919
305, 0, 2, 3, 3, 3, 10.52%, 0, 0, 1, 0.05, 51, 113919
323, 0, 2, 3, 3, 3, 10.52%, 0, 0, 1, 0.05, 52, 113919
341, 0, 2, 3, 3, 3, 10.52%, 0, 0, 1, 0.05, 53, 113919
359, 0, 2, 3, 3, 3, 10.52%, 0, 0, 1, 0.05, 54, 113919
378, 0, 2, 3, 3, 3, 10.52%, 0, 0, 1, 0.05, 55, 113919
397, 0, 2, 3, 3, 3, 10.52%, 0, 0, 1, 0.05, 56, 113919
414, 0, 2, 3, 3, 3, 10.52%, 0, 0, 1, 0.05, 57, 113919
432, 0, 2, 3, 3, 3, 10.52%, 0, 0, 1, 0.05, 58, 113919
450, 0, 2, 3, 3, 3, 10.52%, 0, 0, 1, 0.05, 59, 113919
467, 0, 2, 3, 3, 3, 10.52%, 0, 0, 1, 0.05, 60, 113919
485, 0, 2, 3, 3, 3, 10.52%, 0, 0, 1, 0.05, 61, 113919
503, 0, 2, 3, 3, 3, 10.52%, 0, 0, 1, 0.05, 62, 113919
522, 0, 2, 3, 3, 3, 10.52%, 0, 0, 1, 0.05, 63, 113919
540, 0, 2, 3, 3, 3, 10.52%, 0, 0, 1, 0.05, 64, 113919
558, 0, 2, 3, 3, 3, 10.52%, 0, 0, 1, 0.05, 65, 113919
577, 0, 2, 3, 3, 3, 10.52%, 0, 0, 1, 0.05, 66, 113919
596, 0, 2, 3, 3, 3, 10.52%, 0, 0, 1, 0.05, 67, 113919
614, 0, 2, 3, 3, 3, 10.52%, 0, 0, 1, 0.05, 68, 113919
632, 0, 2, 3, 3, 3, 10.52%, 0, 0, 1, 0.05, 69, 113919
872, 0, 2, 4, 4, 3, 10.56%, 0, 0, 2, 0.05, 82, 114340
1112, 0, 2, 5, 5, 3, 10.56%, 0, 0, 2, 0.05, 95, 114340
1351, 0, 2, 6, 6, 3, 10.56%, 0, 0, 2, 0.05, 108, 114347
1591, 0, 2, 7, 7, 3, 10.56%, 0, 0, 2, 0.05, 121, 114348
1832, 0, 2, 8, 8, 3, 10.56%, 0, 0, 2, 0.05, 134, 114348
1850, 0, 2, 8, 8, 3, 10.56%, 0, 0, 2, 0.05, 135, 114348
2090, 0, 2, 9, 9, 3, 10.56%, 0, 0, 2, 0.05, 148, 114348
2334, 0, 2, 10, 10, 3, 10.57%, 0, 0, 2, 0.05, 161, 114440
2575, 0, 2, 11, 11, 3, 10.57%, 0, 0, 2, 0.05, 174, 114440
2926, 0, 2, 12, 12, 3, 10.57%, 0, 0, 2, 0.05, 187, 114450
3167, 0, 2, 13, 13, 3, 10.57%, 0, 0, 2, 0.05, 200, 114453
3410, 0, 2, 14, 14, 3, 10.57%, 0, 0, 2, 0.05, 213, 114454
3629, 0, 2, 15, 15, 3, 10.57%, 0, 0, 2, 0.05, 226, 114454
3877, 0, 2, 16, 16, 3, 10.57%, 0, 0, 2, 0.05, 239, 114475
4128, 0, 2, 17, 17, 3, 10.58%, 0, 0, 2, 0.05, 252, 114477
4399, 0, 2, 18, 18, 3, 10.58%, 0, 0, 2, 0.05, 265, 114507
4649, 0, 2, 19, 19, 3, 10.58%, 0, 0, 2, 0.05, 278, 114535
4668, 0, 2, 19, 19, 3, 10.58%, 0, 0, 2, 0.05, 279, 114535
4936, 0, 2, 20, 20, 3, 10.58%, 0, 0, 2, 0.05, 292, 114541
4956, 0, 2, 20, 20, 3, 10.58%, 0, 0, 2, 0.05, 293, 114541
5207, 0, 2, 21, 21, 3, 10.58%, 0, 0, 2, 0.05, 306, 114542
5439, 0, 2, 22, 22, 3, 10.58%, 0, 0, 2, 0.05, 319, 114542
5719, 0, 2, 23, 23, 3, 10.71%, 0, 0, 2, 0.05, 332, 115949
5953, 0, 2, 24, 24, 3, 10.76%, 0, 0, 2, 0.05, 345, 116501
6199, 0, 2, 25, 25, 3, 10.76%, 0, 0, 2, 0.05, 358, 116501
6401, 0, 2, 26, 26, 3, 10.76%, 0, 0, 2, 0.05, 371, 116501
6785, 0, 2, 27, 27, 3, 10.76%, 0, 0, 2, 0.05, 384, 116521
7035, 0, 2, 28, 28, 3, 10.76%, 0, 0, 2, 0.05, 397, 116521
7289, 0, 2, 29, 29, 3, 10.76%, 0, 0, 2, 0.05, 410, 116522
7544, 0, 2, 30, 30, 3, 10.76%, 0, 0, 2, 0.05, 423, 116522
7800, 0, 2, 31, 31, 3, 10.97%, 0, 0, 2, 0.05, 436, 118772
8180, 0, 2, 32, 32, 3, 10.99%, 0, 0, 2, 0.05, 449, 118951
8674, 0, 2, 33, 33, 3, 10.99%, 0, 0, 2, 0.05, 462, 118954
8927, 0, 2, 34, 34, 3, 10.99%, 0, 0, 2, 0.05, 475, 118954
8947, 0, 2, 34, 34, 3, 10.99%, 0, 0, 2, 0.05, 476, 118954
8966, 0, 2, 34, 34, 3, 10.99%, 0, 0, 2, 0.05, 477, 118954
9226, 0, 2, 35, 35, 3, 10.99%, 0, 0, 2, 0.05, 490, 118954
9486, 0, 2, 36, 36, 3, 10.99%, 0, 0, 2, 0.05, 503, 118959
9761, 0, 2, 37, 37, 3, 10.99%, 0, 0, 2, 0.05, 516, 118959
9780, 0, 2, 37, 37, 3, 10.99%, 0, 0, 2, 0.05, 517, 118959
10258, 0, 2, 38, 38, 3, 11.00%, 0, 0, 2, 0.05, 530, 119036
10515, 0, 2, 39, 39, 3, 11.00%, 0, 0, 2, 0.05, 543, 119036
10535, 0, 2, 39, 39, 3, 11.00%, 0, 0, 2, 0.05, 544, 119036
10554, 0, 2, 39, 39, 3, 11.00%, 0, 0, 2, 0.05, 545, 119036
10574, 0, 2, 39, 39, 3, 11.00%, 0, 0, 2, 0.05, 546, 119036
10595, 0, 2, 39, 39, 3, 11.00%, 0, 0, 2, 0.05, 547, 119036
10615, 0, 2, 39, 39, 3, 11.00%, 0, 0, 2, 0.05, 548, 119036
10886, 0, 2, 40, 40, 3, 11.12%, 0, 0, 2, 0.05, 561, 120362
11117, 0, 2, 41, 41, 3, 11.12%, 0, 0, 2, 0.05, 574, 120362
11373, 0, 2, 42, 42, 3, 11.12%, 0, 0, 2, 0.05, 587, 120363
11643, 0, 2, 43, 43, 3, 11.12%, 0, 0, 2, 0.05, 600, 120382
11663, 0, 2, 43, 43, 3, 11.12%, 0, 0, 2, 0.05, 601, 120382
11921, 0, 2, 44, 44, 3, 11.12%, 0, 0, 2, 0.05, 614, 120412
11941, 0, 2, 44, 44, 3, 11.12%, 0, 0, 2, 0.05, 615, 120412
12216, 0, 2, 45, 45, 3, 11.12%, 0, 0, 2, 0.05, 628, 120412
12589, 0, 2, 46, 46, 3, 11.13%, 0, 0, 2, 0.05, 641, 120457
12870, 0, 2, 47, 47, 3, 11.13%, 0, 0, 2, 0.05, 654, 120482
12889, 0, 2, 47, 47, 3, 11.13%, 0, 0, 2, 0.05, 655, 120482
13173, 0, 2, 48, 48, 3, 11.13%, 0, 0, 2, 0.05, 668, 120482
13427, 0, 2, 49, 49, 3, 11.13%, 0, 0, 2, 0.05, 681, 120482
13815, 0, 2, 50, 50, 3, 11.13%, 0, 0, 2, 0.05, 694, 120482
14076, 0, 2, 51, 51, 3, 11.13%, 0, 0, 2, 0.05, 707, 120482
14096, 0, 2, 51, 51, 3, 11.13%, 0, 0, 2, 0.05, 708, 120482
14126, 0, 2, 51, 51, 3, 11.13%, 0, 0, 2, 0.05, 709, 120482
14386, 0, 2, 52, 52, 3, 11.13%, 0, 0, 2, 0.05, 722, 120482
14408, 0, 2, 52, 52, 3, 11.13%, 0, 0, 2, 0.05, 723, 120482
14427, 0, 2, 52, 52, 3, 11.13%, 0, 0, 2, 0.05, 724, 120482
14447, 0, 2, 52, 52, 3, 11.13%, 0, 0, 2, 0.05, 725, 120482
14467, 0, 2, 52, 52, 3, 11.13%, 0, 0, 2, 0.05, 726, 120482
14764, 0, 2, 53, 53, 3, 11.13%, 0, 0, 2, 0.05, 739, 120490
14785, 0, 2, 53, 53, 3, 11.13%, 0, 0, 2, 0.05, 740, 120490
15049, 0, 2, 54, 54, 3, 11.14%, 0, 0, 2, 0.05, 753, 120584
15425, 0, 2, 55, 55, 3, 11.14%, 0, 0, 2, 0.05, 766, 120584
15682, 0, 2, 56, 56, 3, 11.14%, 0, 0, 2, 0.05, 779, 120603
16174, 0, 2, 57, 57, 3, 11.14%, 0, 0, 2, 0.05, 792, 120603
16193, 0, 2, 57, 57, 3, 11.14%, 0, 0, 2, 0.05, 793, 120603
16214, 0, 2, 57, 57, 3, 11.14%, 0, 0, 2, 0.05, 794, 120603
16233, 0, 2, 57, 57, 3, 11.14%, 0, 0, 2, 0.05, 795, 120603
16253, 0, 2, 57, 57, 3, 11.14%, 0, 0, 2, 0.05, 796, 120603
16611, 0, 2, 58, 58, 3, 11.14%, 0, 0, 2, 0.05, 809, 120612
16936, 0, 2, 59, 59, 3, 11.35%, 0, 0, 2, 0.05, 822, 122881
16957, 0, 2, 59, 59, 3, 11.35%, 0, 0, 2, 0.05, 823, 122881
17356, 0, 2, 60, 60, 3, 11.35%, 0, 0, 2, 0.05, 836, 122881
17961, 0, 2, 61, 61, 3, 11.35%, 0, 0, 2, 0.04, 849, 122882
17981, 0, 2, 61, 61, 3, 11.35%, 0, 0, 2, 0.04, 850, 122882
18272, 0, 2, 62, 62, 3, 11.36%, 0, 0, 2, 0.04, 863, 123008
18292, 0, 2, 62, 62, 3, 11.36%, 0, 0, 2, 0.04, 864, 123008
18557, 0, 2, 63, 63, 3, 11.36%, 0, 0, 2, 0.04, 877, 123008
18821, 0, 2, 64, 64, 3, 11.36%, 0, 0, 2, 0.04, 890, 123019
18841, 0, 2, 64, 64, 3, 11.36%, 0, 0, 2, 0.05, 891, 123019
19103, 0, 2, 65, 65, 3, 11.37%, 0, 0, 2, 0.05, 904, 123034
19123, 0, 2, 65, 65, 3, 11.37%, 0, 0, 2, 0.05, 905, 123034
19143, 0, 2, 65, 65, 3, 11.37%, 0, 0, 2, 0.05, 906, 123034
19164, 0, 2, 65, 65, 3, 11.37%, 0, 0, 2, 0.05, 907, 123034
19454, 0, 2, 66, 66, 3, 11.37%, 0, 0, 2, 0.05, 920, 123034
19753, 0, 2, 67, 67, 3, 11.38%, 0, 0, 2, 0.05, 933, 123163
19773, 0, 2, 67, 67, 3, 11.38%, 0, 0, 2, 0.05, 934, 123163
19793, 0, 2, 67, 67, 3, 11.38%, 0, 0, 2, 0.05, 935, 123163
19814, 0, 2, 67, 67, 3, 11.38%, 0, 0, 2, 0.05, 936, 123163
19835, 0, 2, 67, 67, 3, 11.38%, 0, 0, 2, 0.05, 937, 123163
19855, 0, 2, 67, 67, 3, 11.38%, 0, 0, 2, 0.05, 938, 123163
19875, 0, 2, 67, 67, 3, 11.38%, 0, 0, 2, 0.05, 939, 123163
20491, 0, 2, 68, 68, 3, 11.38%, 0, 0, 2, 0.05, 952, 123164
20768, 0, 2, 69, 69, 3, 11.38%, 0, 0, 2, 0.05, 965, 123164
21034, 0, 2, 70, 70, 3, 11.38%, 0, 0, 2, 0.05, 978, 123165
21054, 0, 2, 70, 70, 3, 11.38%, 0, 0, 2, 0.05, 979, 123165
21075, 0, 2, 70, 70, 3, 11.38%, 0, 0, 2, 0.05, 980, 123165
21347, 0, 2, 71, 71, 3, 11.38%, 0, 0, 2, 0.05, 993, 123170
21367, 0, 2, 71, 71, 3, 11.38%, 0, 0, 2, 0.05, 994, 123170
21388, 0, 2, 71, 71, 3, 11.38%, 0, 0, 2, 0.05, 995, 123170
21773, 0, 2, 72, 72, 3, 11.38%, 0, 0, 2, 0.05, 1008, 123171
21794, 0, 2, 72, 72, 3, 11.38%, 0, 0, 2, 0.05, 1009, 123171
21813, 0, 2, 72, 72, 3, 11.38%, 0, 0, 2, 0.05, 1010, 123171
21834, 0, 2, 72, 72, 3, 11.38%, 0, 0, 2, 0.05, 1011, 123171
21854, 0, 2, 72, 72, 3, 11.38%, 0, 0, 2, 0.05, 1012, 123171
22142, 0, 2, 73, 73, 3, 11.38%, 0, 0, 2, 0.05, 1025, 123171
22162, 0, 2, 73, 73, 3, 11.38%, 0, 0, 2, 0.05, 1026, 123171
22559, 0, 2, 74, 74, 3, 11.40%, 0, 0, 2, 0.05, 1039, 123364
22832, 0, 2, 75, 75, 3, 11.40%, 0, 0, 2, 0.05, 1052, 123448
22852, 0, 2, 75, 75, 3, 11.40%, 0, 0, 2, 0.05, 1053, 123448
22873, 0, 2, 75, 75, 3, 11.40%, 0, 0, 2, 0.05, 1054, 123448
23151, 0, 2, 76, 76, 3, 11.40%, 0, 0, 2, 0.05, 1067, 123453
23417, 0, 2, 77, 77, 3, 11.44%, 0, 0, 2, 0.05, 1080, 123889
23437, 0, 2, 77, 77, 3, 11.44%, 0, 0, 2, 0.05, 1081, 123889
23718, 0, 2, 78, 78, 3, 11.44%, 0, 0, 2, 0.05, 1094, 123892
23982, 0, 2, 79, 79, 3, 11.44%, 0, 0, 2, 0.05, 1107, 123893
24002, 0, 2, 79, 79, 3, 11.44%, 0, 0, 2, 0.05, 1108, 123893
24266, 0, 2, 80, 80, 3, 11.44%, 0, 0, 2, 0.05, 1121, 123893
24286, 0, 2, 80, 80, 3, 11.44%, 0, 0, 2, 0.05, 1122, 123893
24308, 0, 2, 80, 80, 3, 11.44%, 0, 0, 2, 0.05, 1123, 123893
24328, 0, 2, 80, 80, 3, 11.44%, 0, 0, 2, 0.05, 1124, 123893
24592, 0, 2, 81, 81, 3, 11.45%, 0, 0, 2, 0.05, 1137, 123894
24857, 0, 2, 82, 82, 3, 11.45%, 0, 0, 2, 0.05, 1150, 123939
25124, 0, 2, 83, 83, 3, 11.45%, 0, 0, 2, 0.05, 1163, 123955
25144, 0, 2, 83, 83, 3, 11.45%, 0, 0, 2, 0.05, 1164, 123955
25521, 0, 2, 84, 84, 3, 11.45%, 0, 0, 2, 0.05, 1177, 123955
25791, 0, 2, 85, 85, 3, 11.45%, 0, 0, 2, 0.05, 1190, 123955
25812, 0, 2, 85, 85, 3, 11.45%, 0, 0, 2, 0.05, 1191, 123955
25832, 0, 2, 85, 85, 3, 11.45%, 0, 0, 2, 0.05, 1192, 123955
26102, 0, 2, 86, 86, 3, 11.45%, 0, 0, 2, 0.05, 1205, 123972
26475, 0, 2, 87, 87, 3, 11.45%, 0, 0, 2, 0.05, 1218, 123972
26496, 0, 2, 87, 87, 3, 11.45%, 0, 0, 2, 0.05, 1219, 123972
26516, 0, 2, 87, 87, 3, 11.45%, 0, 0, 2, 0.05, 1220, 123972
26536, 0, 2, 87, 87, 3, 11.45%, 0, 0, 2, 0.05, 1221, 123972
26556, 0, 2, 87, 87, 3, 11.45%, 0, 0, 2, 0.05, 1222, 123972
26576, 0, 2, 87, 87, 3, 11.45%, 0, 0, 2, 0.05, 1223, 123972
26596, 0, 2, 87, 87, 3, 11.45%, 0, 0, 2, 0.05, 1224, 123972
26845, 0, 2, 88, 88, 3, 11.51%, 0, 0, 2, 0.05, 1237, 124604
26866, 0, 2, 88, 88, 3, 11.51%, 0, 0, 2, 0.05, 1238, 124604
27138, 0, 2, 89, 89, 3, 11.51%, 0, 0, 2, 0.05, 1251, 124604
27520, 0, 2, 90, 90, 3, 11.52%, 0, 0, 2, 0.05, 1264, 124752
27781, 0, 2, 91, 91, 3, 11.52%, 0, 0, 2, 0.05, 1277, 124752
28053, 0, 2, 92, 92, 3, 11.55%, 0, 0, 2, 0.05, 1290, 125077
28074, 0, 2, 92, 92, 3, 11.55%, 0, 0, 2, 0.05, 1291, 125077
28095, 0, 2, 92, 92, 3, 11.55%, 0, 0, 2, 0.05, 1292, 125077
28125, 0, 2, 92, 92, 3, 11.55%, 0, 0, 2, 0.05, 1293, 125077
28146, 0, 2, 92, 92, 3, 11.55%, 0, 0, 2, 0.05, 1294, 125077
28419, 0, 2, 93, 93, 3, 11.56%, 0, 0, 2, 0.05, 1307, 125168
28701, 0, 2, 94, 94, 3, 11.58%, 0, 0, 2, 0.05, 1320, 125318
28970, 0, 2, 95, 95, 3, 11.58%, 0, 0, 2, 0.05, 1333, 125318
28991, 0, 2, 95, 95, 3, 11.58%, 0, 0, 2, 0.05, 1334, 125318
29259, 0, 2, 96, 96, 3, 11.58%, 0, 0, 2, 0.05, 1347, 125340
29279, 0, 2, 96, 96, 3, 11.58%, 0, 0, 2, 0.05, 1348, 125340
29300, 0, 2, 96, 96, 3, 11.58%, 0, 0, 2, 0.05, 1349, 125340
29321, 0, 2, 96, 96, 3, 11.58%, 0, 0, 2, 0.05, 1350, 125340
29342, 0, 2, 96, 96, 3, 11.58%, 0, 0, 2, 0.05, 1351, 125340
29363, 0, 2, 96, 96, 3, 11.58%, 0, 0, 2, 0.05, 1352, 125340
29633, 0, 2, 97, 97, 3, 11.58%, 0, 0, 2, 0.05, 1365, 125340
29655, 0, 2, 97, 97, 3, 11.58%, 0, 0, 2, 0.05, 1366, 125340
29675, 0, 2, 97, 97, 3, 11.58%, 0, 0, 2, 0.05, 1367, 125340
29696, 0, 2, 97, 97, 3, 11.58%, 0, 0, 2, 0.05, 1368, 125340
29990, 0, 2, 98, 98, 3, 11.58%, 0, 0, 2, 0.05, 1381, 125340
30010, 0, 2, 98, 98, 3, 11.58%, 0, 0, 2, 0.05, 1382, 125340
30029, 0, 2, 98, 98, 3, 11.58%, 0, 0, 2, 0.05, 1383, 125340
30050, 0, 2, 98, 98, 3, 11.58%, 0, 0, 2, 0.05, 1384, 125340
30070, 0, 2, 98, 98, 3, 11.58%, 0, 0, 2, 0.05, 1385, 125340
30466, 0, 2, 99, 99, 3, 11.59%, 0, 0, 2, 0.05, 1398, 125492
30486, 0, 2, 99, 99, 3, 11.59%, 0, 0, 2, 0.05, 1399, 125492
30870, 0, 2, 100, 100, 3, 11.60%, 0, 0, 2, 0.05, 1412, 125542
30890, 0, 2, 100, 100, 3, 11.60%, 0, 0, 2, 0.05, 1413, 125542
31154, 0, 2, 101, 101, 3, 11.60%, 0, 0, 2, 0.05, 1426, 125544
31176, 0, 2, 101, 101, 3, 11.60%, 0, 0, 2, 0.05, 1427, 125544
31197, 0, 2, 101, 101, 3, 11.60%, 0, 0, 2, 0.05, 1428, 125544
31217, 0, 2, 101, 101, 3, 11.60%, 0, 0, 2, 0.05, 1429, 125544
31238, 0, 2, 101, 101, 3, 11.60%, 0, 0, 2, 0.05, 1430, 125544
31258, 0, 2, 101, 101, 3, 11.60%, 0, 0, 2, 0.05, 1431, 125544
31280, 0, 2, 101, 101, 3, 11.60%, 0, 0, 2, 0.05, 1432, 125544
31301, 0, 2, 101, 101, 3, 11.60%, 0, 0, 2, 0.05, 1433, 125544
31322, 0, 2, 101, 101, 3, 11.60%, 0, 0, 2, 0.05, 1434, 125544
31343, 0, 2, 101, 101, 3, 11.60%, 0, 0, 2, 0.05, 1435, 125544
31615, 0, 2, 102, 102, 3, 11.60%, 0, 0, 2, 0.05, 1448, 125544
31636, 0, 2, 102, 102, 3, 11.60%, 0, 0, 2, 0.05, 1449, 125544
31907, 0, 2, 103, 103, 3, 11.60%, 0, 0, 2, 0.05, 1462, 125546
32320, 0, 2, 104, 104, 3, 11.60%, 0, 0, 2, 0.05, 1475, 125546
32341, 0, 2, 104, 104, 3, 11.60%, 0, 0, 2, 0.05, 1476, 125546
32362, 0, 2, 104, 104, 3, 11.60%, 0, 0, 2, 0.05, 1477, 125546
32383, 0, 2, 104, 104, 3, 11.60%, 0, 0, 2, 0.05, 1478, 125546
32655, 0, 2, 105, 105, 3, 11.60%, 0, 0, 2, 0.05, 1491, 125548
32928, 0, 2, 106, 106, 3, 11.60%, 0, 0, 2, 0.05, 1504, 125575
32950, 0, 2, 106, 106, 3, 11.60%, 0, 0, 2, 0.05, 1505, 125575
33223, 0, 2, 107, 107, 3, 11.60%, 0, 0, 2, 0.05, 1518, 125576
33246, 0, 2, 107, 107, 3, 11.60%, 0, 0, 2, 0.05, 1519, 125576
33520, 0, 2, 108, 108, 3, 11.62%, 0, 0, 2, 0.05, 1532, 125785
33809, 0, 2, 109, 109, 3, 11.62%, 0, 0, 2, 0.05, 1545, 125785
33830, 0, 2, 109, 109, 3, 11.62%, 0, 0, 2, 0.05, 1546, 125785
34451, 0, 2, 110, 110, 3, 11.62%, 0, 0, 2, 0.04, 1559, 125786
34473, 0, 2, 110, 110, 3, 11.62%, 0, 0, 2, 0.04, 1560, 125786
34747, 0, 2, 111, 111, 3, 11.62%, 0, 0, 2, 0.05, 1573, 125831
34768, 0, 2, 111, 111, 3, 11.62%, 0, 0, 2, 0.05, 1574, 125831
34790, 0, 2, 111, 111, 3, 11.62%, 0, 0, 2, 0.05, 1575, 125831
35066, 0, 2, 112, 112, 3, 11.63%, 0, 0, 2, 0.05, 1588, 125854
35087, 0, 2, 112, 112, 3, 11.63%, 0, 0, 2, 0.05, 1589, 125854
35366, 0, 2, 113, 113, 3, 11.63%, 0, 0, 2, 0.05, 1602, 125857
35770, 0, 2, 114, 114, 3, 11.63%, 0, 0, 2, 0.04, 1615, 125862
36043, 0, 2, 115, 115, 3, 11.63%, 0, 0, 2, 0.04, 1628, 125862
36064, 0, 2, 115, 115, 3, 11.63%, 0, 0, 2, 0.05, 1629, 125862
36085, 0, 2, 115, 115, 3, 11.63%, 0, 0, 2, 0.05, 1630, 125862
36473, 0, 2, 116, 116, 3, 11.63%, 0, 0, 2, 0.04, 1643, 125887
36494, 0, 2, 116, 116, 3, 11.63%, 0, 0, 2, 0.04, 1644, 125887
36770, 0, 2, 117, 117, 3, 11.63%, 0, 0, 2, 0.04, 1657, 125905
37048, 0, 2, 118, 118, 3, 11.63%, 0, 0, 2, 0.04, 1670, 125906
37069, 0, 2, 118, 118, 3, 11.63%, 0, 0, 2, 0.05, 1671, 125906
37344, 0, 2, 119, 119, 3, 11.63%, 0, 0, 2, 0.05, 1684, 125906
37621, 0, 2, 120, 120, 3, 11.65%, 0, 0, 2, 0.05, 1697, 126090
38154, 0, 2, 121, 121, 3, 11.65%, 0, 0, 2, 0.04, 1710, 126092
38549, 0, 2, 122, 122, 3, 11.68%, 0, 0, 2, 0.04, 1723, 126383
38570, 0, 2, 122, 122, 3, 11.68%, 0, 0, 2, 0.04, 1724, 126383
38963, 0, 2, 123, 123, 3, 11.68%, 0, 0, 2, 0.04, 1737, 126387
38983, 0, 2, 123, 123, 3, 11.68%, 0, 0, 2, 0.04, 1738, 126387
39004, 0, 2, 123, 123, 3, 11.68%, 0, 0, 2, 0.04, 1739, 126387
39024, 0, 2, 123, 123, 3, 11.68%, 0, 0, 2, 0.04, 1740, 126387
39296, 0, 2, 124, 124, 3, 11.68%, 0, 0, 2, 0.04, 1753, 126387
39318, 0, 2, 124, 124, 3, 11.68%, 0, 0, 2, 0.04, 1754, 126387
39606, 0, 2, 125, 125, 3, 11.68%, 0, 0, 2, 0.04, 1767, 126393
40005, 0, 2, 126, 126, 3, 11.68%, 0, 0, 2, 0.04, 1780, 126396
40027, 0, 2, 126, 126, 3, 11.68%, 0, 0, 2, 0.04, 1781, 126396
40048, 0, 2, 126, 126, 3, 11.68%, 0, 0, 2, 0.04, 1782, 126396
40351, 0, 2, 127, 127, 3, 11.68%, 0, 0, 2, 0.04, 1795, 126396
40372, 0, 2, 127, 127, 3, 11.68%, 0, 0, 2, 0.04, 1796, 126396
40652, 0, 2, 128, 128, 3, 11.68%, 0, 0, 2, 0.04, 1809, 126396
41073, 0, 2, 129, 129, 3, 11.68%, 0, 0, 2, 0.04, 1822, 126396
41096, 0, 2, 129, 129, 3, 11.68%, 0, 0, 2, 0.04, 1823, 126396
41118, 0, 2, 129, 129, 3, 11.68%, 0, 0, 2, 0.04, 1824, 126396
41140, 0, 2, 129, 129, 3, 11.68%, 0, 0, 2, 0.04, 1825, 126396
41171, 0, 2, 129, 129, 3, 11.68%, 0, 0, 2, 0.04, 1826, 126396
41193, 0, 2, 129, 129, 3, 11.68%, 0, 0, 2, 0.04, 1827, 126396
41214, 0, 2, 129, 129, 3, 11.68%, 0, 0, 2, 0.04, 1828, 126396
41236, 0, 2, 129, 129, 3, 11.68%, 0, 0, 2, 0.04, 1829, 126396
41537, 0, 2, 130, 130, 3, 11.68%, 0, 0, 2, 0.04, 1842, 126399
42048, 0, 2, 131, 131, 3, 11.68%, 0, 0, 2, 0.04, 1855, 126399
42339, 0, 2, 132, 132, 3, 11.68%, 0, 0, 2, 0.04, 1868, 126399
42360, 0, 2, 132, 132, 3, 11.68%, 0, 0, 2, 0.04, 1869, 126399
42382, 0, 2, 132, 132, 3, 11.68%, 0, 0, 2, 0.04, 1870, 126399
42404, 0, 2, 132, 132, 3, 11.68%, 0, 0, 2, 0.04, 1871, 126399
42426, 0, 2, 132, 132, 3, 11.68%, 0, 0, 2, 0.04, 1872, 126399
42705, 0, 2, 133, 133, 3, 11.68%, 0, 0, 2, 0.04, 1885, 126400
42727, 0, 2, 133, 133, 3, 11.68%, 0, 0, 2, 0.04, 1886, 126400
42749, 0, 2, 133, 133, 3, 11.68%, 0, 0, 2, 0.04, 1887, 126400
42771, 0, 2, 133, 133, 3, 11.68%, 0, 0, 2, 0.04, 1888, 126400
42801, 0, 2, 133, 133, 3, 11.68%, 0, 0, 2, 0.04, 1889, 126400
43096, 0, 2, 134, 134, 3, 11.68%, 0, 0, 2, 0.04, 1902, 126400
43118, 0, 2, 134, 134, 3, 11.68%, 0, 0, 2, 0.04, 1903, 126400
43139, 0, 2, 134, 134, 3, 11.68%, 0, 0, 2, 0.04, 1904, 126400
43422, 0, 2, 135, 135, 3, 11.68%, 0, 0, 2, 0.04, 1917, 126400
43445, 0, 2, 135, 135, 3, 11.68%, 0, 0, 2, 0.04, 1918, 126400
43738, 0, 2, 136, 136, 3, 11.68%, 0, 0, 2, 0.04, 1931, 126406
43762, 0, 2, 136, 136, 3, 11.68%, 0, 0, 2, 0.04, 1932, 126406
43785, 0, 2, 136, 136, 3, 11.68%, 0, 0, 2, 0.04, 1933, 126406
44123, 0, 2, 137, 137, 3, 11.68%, 0, 0, 2, 0.04, 1946, 126406
44412, 0, 2, 138, 138, 3, 11.68%, 0, 0, 2, 0.04, 1959, 126406
44435, 0, 2, 138, 138, 3, 11.68%, 0, 0, 2, 0.04, 1960, 126406
44739, 0, 2, 139, 139, 3, 11.68%, 0, 0, 2, 0.04, 1973, 126420
44762, 0, 2, 139, 139, 3, 11.68%, 0, 0, 2, 0.04, 1974, 126420
45163, 0, 2, 140, 140, 3, 11.68%, 0, 0, 2, 0.04, 1987, 126420
45183, 0, 2, 140, 140, 3, 11.68%, 0, 0, 2, 0.04, 1988, 126420
45457, 0, 2, 141, 141, 3, 11.68%, 0, 0, 2, 0.04, 2001, 126421
45734, 0, 2, 142, 142, 3, 11.68%, 0, 0, 2, 0.04, 2014, 126432
46023, 0, 2, 143, 143, 3, 11.68%, 0, 0, 2, 0.04, 2027, 126453
46313, 0, 2, 144, 144, 3, 11.68%, 0, 0, 2, 0.04, 2040, 126462
46610, 0, 2, 145, 145, 3, 11.68%, 0, 0, 2, 0.04, 2053, 126462
46888, 0, 2, 146, 146, 3, 11.68%, 0, 0, 2, 0.04, 2066, 126462
46909, 0, 2, 146, 146, 3, 11.68%, 0, 0, 2, 0.04, 2067, 126462
47204, 0, 2, 147, 147, 3, 11.68%, 0, 0, 2, 0.04, 2080, 126462
47225, 0, 2, 147, 147, 3, 11.68%, 0, 0, 2, 0.04, 2081, 126462
47246, 0, 2, 147, 147, 3, 11.68%, 0, 0, 2, 0.04, 2082, 126462
47267, 0, 2, 147, 147, 3, 11.68%, 0, 0, 2, 0.04, 2083, 126462
47289, 0, 2, 147, 147, 3, 11.68%, 0, 0, 2, 0.04, 2084, 126462
47563, 0, 2, 148, 148, 3, 11.68%, 0, 0, 2, 0.05, 2097, 126462
47585, 0, 2, 148, 148, 3, 11.68%, 0, 0, 2, 0.05, 2098, 126462
47874, 0, 2, 149, 149, 3, 11.68%, 0, 0, 2, 0.05, 2111, 126462
47895, 0, 2, 149, 149, 3, 11.68%, 0, 0, 2, 0.05, 2112, 126462
48291, 0, 2, 150, 150, 3, 11.68%, 0, 0, 2, 0.04, 2125, 126462
48553, 0, 2, 151, 151, 3, 11.68%, 0, 0, 2, 0.04, 2138, 126477
48574, 0, 2, 151, 151, 3, 11.68%, 0, 0, 2, 0.04, 2139, 126477
48595, 0, 2, 151, 151, 3, 11.68%, 0, 0, 2, 0.05, 2140, 126477
48616, 0, 2, 151, 151, 3, 11.68%, 0, 0, 2, 0.05, 2141, 126477
48900, 0, 2, 152, 152, 3, 11.68%, 0, 0, 2, 0.05, 2154, 126477
48922, 0, 2, 152, 152, 3, 11.68%, 0, 0, 2, 0.05, 2155, 126477
49159, 0, 2, 153, 153, 3, 11.68%, 0, 0, 2, 0.05, 2168, 126484
49178, 0, 2, 153, 153, 3, 11.68%, 0, 0, 2, 0.05, 2169, 126484
49523, 0, 2, 154, 154, 3, 11.68%, 0, 0, 2, 0.05, 2182, 126484
49542, 0, 2, 154, 154, 3, 11.68%, 0, 0, 2, 0.05, 2183, 126484
49893, 0, 2, 155, 155, 3, 11.68%, 0, 0, 2, 0.05, 2196, 126484
49912, 0, 2, 155, 155, 3, 11.68%, 0, 0, 2, 0.05, 2197, 126484
50166, 0, 2, 156, 156, 3, 11.68%, 0, 0, 2, 0.05, 2210, 126484
50186, 0, 2, 156, 156, 3, 11.68%, 0, 0, 2, 0.05, 2211, 126484
50224, 0, 2, 157, 157, 3, 11.76%, 0, 0, 2, 0.00, 2212, 127354
