# relative_time, cycles_done, cur_item, corpus_count, pending_total, pending_favs, map_size, saved_crashes, saved_hangs, max_depth, execs_per_sec, total_execs, edges_found
71, 0, 0, 3, 3, 3, 11.30%, 0, 0, 1, 0.06, 40, 122270
89, 0, 0, 3, 3, 3, 11.30%, 0, 0, 1, 0.06, 41, 122270
108, 0, 0, 3, 3, 3, 11.30%, 0, 0, 1, 0.06, 42, 122270
126, 0, 0, 3, 3, 3, 11.30%, 0, 0, 1, 0.06, 43, 122270
145, 0, 0, 3, 3, 3, 11.30%, 0, 0, 1, 0.06, 44, 122270
171, 0, 0, 3, 3, 3, 11.30%, 0, 0, 1, 0.05, 45, 122270
196, 0, 0, 3, 3, 3, 11.30%, 0, 0, 1, 0.05, 46, 122270
223, 0, 0, 3, 3, 3, 11.30%, 0, 0, 1, 0.05, 47, 122270
257, 0, 0, 3, 3, 3, 11.30%, 0, 0, 1, 0.05, 48, 122270
291, 0, 0, 3, 3, 3, 11.30%, 0, 0, 1, 0.05, 49, 122270
325, 0, 0, 3, 3, 3, 11.30%, 0, 0, 1, 0.05, 50, 122270
360, 0, 0, 3, 3, 3, 11.30%, 0, 0, 1, 0.05, 51, 122270
395, 0, 0, 3, 3, 3, 11.30%, 0, 0, 1, 0.05, 52, 122270
430, 0, 0, 3, 3, 3, 11.30%, 0, 0, 1, 0.04, 53, 122270
465, 0, 0, 3, 3, 3, 11.30%, 0, 0, 1, 0.04, 54, 122270
499, 0, 0, 3, 3, 3, 11.30%, 0, 0, 1, 0.04, 55, 122270
534, 0, 0, 3, 3, 3, 11.30%, 0, 0, 1, 0.04, 56, 122270
568, 0, 0, 3, 3, 3, 11.30%, 0, 0, 1, 0.04, 57, 122270
602, 0, 0, 3, 3, 3, 11.30%, 0, 0, 1, 0.04, 58, 122270
636, 0, 0, 3, 3, 3, 11.30%, 0, 0, 1, 0.04, 59, 122270
671, 0, 0, 3, 3, 3, 11.30%, 0, 0, 1, 0.04, 60, 122270
705, 0, 0, 3, 3, 3, 11.30%, 0, 0, 1, 0.04, 61, 122270
740, 0, 0, 3, 3, 3, 11.30%, 0, 0, 1, 0.04, 62, 122270
773, 0, 0, 3, 3, 3, 11.30%, 0, 0, 1, 0.04, 63, 122270
816, 0, 0, 3, 3, 3, 11.30%, 0, 0, 1, 0.04, 64, 122270
851, 0, 0, 3, 3, 3, 11.30%, 0, 0, 1, 0.04, 65, 122270
886, 0, 0, 3, 3, 3, 11.30%, 0, 0, 1, 0.04, 66, 122270
920, 0, 0, 3, 3, 3, 11.30%, 0, 0, 1, 0.04, 67, 122270
946, 0, 0, 3, 3, 3, 11.30%, 0, 0, 1, 0.04, 68, 122270
972, 0, 0, 3, 3, 3, 11.30%, 0, 0, 1, 0.04, 69, 122270
1312, 0, 0, 4, 4, 3, 11.30%, 0, 0, 2, 0.04, 82, 122305
1338, 0, 0, 4, 4, 3, 11.30%, 0, 0, 2, 0.04, 83, 122305
1657, 0, 0, 5, 5, 3, 11.30%, 0, 0, 2, 0.04, 96, 122309
1680, 0, 0, 5, 5, 3, 11.30%, 0, 0, 2, 0.04, 97, 122309
1989, 0, 0, 6, 6, 3, 11.30%, 0, 0, 2, 0.04, 110, 122312
2296, 0, 0, 7, 7, 3, 11.30%, 0, 0, 2, 0.04, 123, 122312
2598, 0, 0, 8, 8, 3, 11.30%, 0, 0, 2, 0.04, 136, 122312
2903, 0, 0, 9, 9, 3, 11.30%, 0, 0, 2, 0.04, 149, 122312
3209, 0, 0, 10, 10, 3, 11.30%, 0, 0, 2, 0.04, 162, 122312
3642, 0, 0, 11, 11, 3, 11.31%, 0, 0, 2, 0.04, 175, 122431
3855, 0, 0, 12, 12, 3, 11.39%, 0, 0, 2, 0.04, 188, 123270
3878, 0, 0, 12, 12, 3, 11.39%, 0, 0, 2, 0.04, 189, 123270
3902, 0, 0, 12, 12, 3, 11.39%, 0, 0, 2, 0.04, 190, 123270
3925, 0, 0, 12, 12, 3, 11.39%, 0, 0, 2, 0.04, 191, 123270
4232, 0, 0, 13, 13, 3, 11.39%, 0, 0, 2, 0.04, 204, 123270
4477, 0, 0, 14, 14, 3, 11.71%, 0, 0, 2, 0.04, 217, 126723
4818, 0, 0, 15, 15, 3, 11.71%, 0, 0, 2, 0.04, 230, 126724
4845, 0, 0, 15, 15, 3, 11.71%, 0, 0, 2, 0.04, 231, 126724
5212, 0, 0, 16, 16, 3, 11.78%, 0, 0, 2, 0.04, 244, 127549
5239, 0, 0, 16, 16, 3, 11.78%, 0, 0, 2, 0.04, 245, 127549
5266, 0, 0, 16, 16, 3, 11.78%, 0, 0, 2, 0.04, 246, 127549
5293, 0, 0, 16, 16, 3, 11.78%, 0, 0, 2, 0.04, 247, 127549
5642, 0, 0, 17, 17, 3, 11.79%, 0, 0, 2, 0.04, 260, 127580
5670, 0, 0, 17, 17, 3, 11.79%, 0, 0, 2, 0.04, 261, 127580
5696, 0, 0, 17, 17, 3, 11.79%, 0, 0, 2, 0.04, 262, 127580
5723, 0, 0, 17, 17, 3, 11.79%, 0, 0, 2, 0.04, 263, 127580
5951, 0, 0, 18, 18, 3, 11.79%, 0, 0, 2, 0.04, 276, 127581
6293, 0, 0, 19, 19, 3, 11.79%, 0, 0, 2, 0.04, 289, 127581
6319, 0, 0, 19, 19, 3, 11.79%, 0, 0, 2, 0.04, 290, 127581
6345, 0, 0, 19, 19, 3, 11.79%, 0, 0, 2, 0.04, 291, 127581
6373, 0, 0, 19, 19, 3, 11.79%, 0, 0, 2, 0.04, 292, 127581
6825, 0, 0, 20, 20, 3, 11.79%, 0, 0, 2, 0.04, 305, 127581
6851, 0, 0, 20, 20, 3, 11.79%, 0, 0, 2, 0.04, 306, 127581
6877, 0, 0, 20, 20, 3, 11.79%, 0, 0, 2, 0.04, 307, 127581
7212, 0, 0, 21, 21, 3, 11.79%, 0, 0, 2, 0.04, 320, 127581
7557, 0, 0, 22, 22, 3, 11.79%, 0, 0, 2, 0.04, 333, 127581
7584, 0, 0, 22, 22, 3, 11.79%, 0, 0, 2, 0.04, 334, 127581
7935, 0, 0, 23, 23, 3, 11.83%, 0, 0, 2, 0.04, 347, 128026
8426, 0, 0, 24, 24, 3, 11.83%, 0, 0, 2, 0.04, 360, 128030
8452, 0, 0, 24, 24, 3, 11.83%, 0, 0, 2, 0.04, 361, 128030
8933, 0, 0, 25, 25, 3, 11.83%, 0, 0, 2, 0.04, 374, 128044
9402, 0, 0, 26, 26, 3, 11.83%, 0, 0, 2, 0.04, 387, 128044
9430, 0, 0, 26, 26, 3, 11.83%, 0, 0, 2, 0.04, 388, 128044
9457, 0, 0, 26, 26, 3, 11.83%, 0, 0, 2, 0.04, 389, 128044
9704, 0, 0, 27, 27, 3, 11.83%, 0, 0, 2, 0.04, 402, 128068
9967, 0, 0, 28, 28, 3, 11.84%, 0, 0, 2, 0.04, 415, 128187
10329, 0, 0, 29, 29, 3, 11.84%, 0, 0, 2, 0.04, 428, 128194
10357, 0, 0, 29, 29, 3, 11.84%, 0, 0, 2, 0.04, 429, 128194
10385, 0, 0, 29, 29, 3, 11.84%, 0, 0, 2, 0.04, 430, 128194
10747, 0, 0, 30, 30, 3, 11.84%, 0, 0, 2, 0.04, 443, 128194
11125, 0, 0, 31, 31, 3, 11.84%, 0, 0, 2, 0.04, 456, 128198
11153, 0, 0, 31, 31, 3, 11.84%, 0, 0, 2, 0.04, 457, 128198
11514, 0, 0, 32, 32, 3, 11.84%, 0, 0, 2, 0.04, 470, 128202
11542, 0, 0, 32, 32, 3, 11.84%, 0, 0, 2, 0.04, 471, 128202
11802, 0, 0, 33, 33, 3, 11.84%, 0, 0, 2, 0.04, 484, 128202
12163, 0, 0, 34, 34, 3, 11.85%, 0, 0, 2, 0.04, 497, 128229
12191, 0, 0, 34, 34, 3, 11.85%, 0, 0, 2, 0.04, 498, 128229
12219, 0, 0, 34, 34, 3, 11.85%, 0, 0, 2, 0.04, 499, 128229
12247, 0, 0, 34, 34, 3, 11.85%, 0, 0, 2, 0.04, 500, 128229
12608, 0, 0, 35, 35, 3, 11.85%, 0, 0, 2, 0.04, 513, 128229
12635, 0, 0, 35, 35, 3, 11.85%, 0, 0, 2, 0.04, 514, 128229
13112, 0, 0, 36, 36, 3, 11.85%, 0, 0, 2, 0.04, 527, 128242
13586, 0, 0, 37, 37, 3, 11.85%, 0, 0, 2, 0.04, 540, 128246
13948, 0, 0, 38, 38, 3, 11.85%, 0, 0, 2, 0.04, 553, 128246
13976, 0, 0, 38, 38, 3, 11.85%, 0, 0, 2, 0.04, 554, 128246
14004, 0, 0, 38, 38, 3, 11.85%, 0, 0, 2, 0.04, 555, 128246
14032, 0, 0, 38, 38, 3, 11.85%, 0, 0, 2, 0.04, 556, 128246
14060, 0, 0, 38, 38, 3, 11.85%, 0, 0, 2, 0.04, 557, 128246
14665, 0, 0, 39, 39, 3, 11.85%, 0, 0, 2, 0.04, 570, 128246
14693, 0, 0, 39, 39, 3, 11.85%, 0, 0, 2, 0.04, 571, 128246
15178, 0, 0, 40, 40, 3, 11.85%, 0, 0, 2, 0.03, 584, 128277
15696, 0, 0, 41, 41, 3, 11.93%, 0, 0, 2, 0.03, 597, 129160
15724, 0, 0, 41, 41, 3, 11.93%, 0, 0, 2, 0.03, 598, 129160
15752, 0, 0, 41, 41, 3, 11.93%, 0, 0, 2, 0.03, 599, 129160
15780, 0, 0, 41, 41, 3, 11.93%, 0, 0, 2, 0.03, 600, 129160
15817, 0, 0, 41, 41, 3, 11.93%, 0, 0, 2, 0.03, 601, 129160
16185, 0, 0, 42, 42, 3, 12.01%, 0, 0, 2, 0.03, 614, 129973
16453, 0, 0, 43, 43, 3, 12.01%, 0, 0, 2, 0.03, 627, 130007
16481, 0, 0, 43, 43, 3, 12.01%, 0, 0, 2, 0.04, 628, 130007
16728, 0, 0, 44, 44, 3, 12.01%, 0, 0, 2, 0.04, 641, 130007
17099, 0, 0, 45, 45, 3, 12.01%, 0, 0, 2, 0.04, 654, 130008
17463, 0, 0, 46, 46, 3, 12.01%, 0, 0, 2, 0.04, 667, 130017
17826, 0, 0, 47, 47, 3, 12.01%, 0, 0, 2, 0.04, 680, 130041
17854, 0, 0, 47, 47, 3, 12.01%, 0, 0, 2, 0.04, 681, 130041
17882, 0, 0, 47, 47, 3, 12.01%, 0, 0, 2, 0.04, 682, 130041
17910, 0, 0, 47, 47, 3, 12.01%, 0, 0, 2, 0.04, 683, 130041
17937, 0, 0, 47, 47, 3, 12.01%, 0, 0, 2, 0.04, 684, 130041
17965, 0, 0, 47, 47, 3, 12.01%, 0, 0, 2, 0.04, 685, 130041
18329, 0, 0, 48, 48, 3, 12.05%, 0, 0, 2, 0.04, 698, 130433
18356, 0, 0, 48, 48, 3, 12.05%, 0, 0, 2, 0.04, 699, 130433
18606, 0, 0, 49, 49, 3, 12.05%, 0, 0, 2, 0.04, 712, 130433
18633, 0, 0, 49, 49, 3, 12.05%, 0, 0, 2, 0.04, 713, 130433
18661, 0, 0, 49, 49, 3, 12.05%, 0, 0, 2, 0.04, 714, 130433
18689, 0, 0, 49, 49, 3, 12.05%, 0, 0, 2, 0.04, 715, 130433
18718, 0, 0, 49, 49, 3, 12.05%, 0, 0, 2, 0.04, 716, 130433
18746, 0, 0, 49, 49, 3, 12.05%, 0, 0, 2, 0.04, 717, 130433
18773, 0, 0, 49, 49, 3, 12.05%, 0, 0, 2, 0.04, 718, 130433
18801, 0, 0, 49, 49, 3, 12.05%, 0, 0, 2, 0.04, 719, 130433
19109, 0, 0, 50, 50, 3, 12.05%, 0, 0, 2, 0.04, 732, 130459
19478, 0, 0, 51, 51, 3, 12.05%, 0, 0, 2, 0.04, 745, 130469
19506, 0, 0, 51, 51, 3, 12.05%, 0, 0, 2, 0.04, 746, 130469
19534, 0, 0, 51, 51, 3, 12.05%, 0, 0, 2, 0.04, 747, 130469
19562, 0, 0, 51, 51, 3, 12.05%, 0, 0, 2, 0.04, 748, 130469
19590, 0, 0, 51, 51, 3, 12.05%, 0, 0, 2, 0.04, 749, 130469
19618, 0, 0, 51, 51, 3, 12.05%, 0, 0, 2, 0.04, 750, 130469
20214, 0, 0, 52, 52, 3, 12.05%, 0, 0, 2, 0.04, 763, 130483
20609, 0, 0, 53, 53, 3, 12.05%, 0, 0, 2, 0.04, 776, 130483
20637, 0, 0, 53, 53, 3, 12.05%, 0, 0, 2, 0.04, 777, 130483
20666, 0, 0, 53, 53, 3, 12.05%, 0, 0, 2, 0.04, 778, 130483
20694, 0, 0, 53, 53, 3, 12.05%, 0, 0, 2, 0.04, 779, 130483
21060, 0, 0, 54, 54, 3, 12.06%, 0, 0, 2, 0.04, 792, 130525
21428, 0, 0, 55, 55, 3, 12.06%, 0, 0, 2, 0.04, 805, 130528
21457, 0, 0, 55, 55, 3, 12.06%, 0, 0, 2, 0.04, 806, 130528
21485, 0, 0, 55, 55, 3, 12.06%, 0, 0, 2, 0.04, 807, 130528
21847, 0, 0, 56, 56, 3, 12.06%, 0, 0, 2, 0.04, 820, 130528
22212, 0, 0, 57, 57, 3, 12.06%, 0, 0, 2, 0.04, 833, 130543
22239, 0, 0, 57, 57, 3, 12.06%, 0, 0, 2, 0.04, 834, 130543
22268, 0, 0, 57, 57, 3, 12.06%, 0, 0, 2, 0.04, 835, 130543
22297, 0, 0, 57, 57, 3, 12.06%, 0, 0, 2, 0.04, 836, 130543
22325, 0, 0, 57, 57, 3, 12.06%, 0, 0, 2, 0.04, 837, 130543
22353, 0, 0, 57, 57, 3, 12.06%, 0, 0, 2, 0.04, 838, 130543
22610, 0, 0, 58, 58, 3, 12.06%, 0, 0, 2, 0.04, 851, 130544
22638, 0, 0, 58, 58, 3, 12.06%, 0, 0, 2, 0.04, 852, 130544
22666, 0, 0, 58, 58, 3, 12.06%, 0, 0, 2, 0.04, 853, 130544
23033, 0, 0, 59, 59, 3, 12.06%, 0, 0, 2, 0.04, 866, 130544
23416, 0, 0, 60, 60, 3, 12.06%, 0, 0, 2, 0.04, 879, 130544
23444, 0, 0, 60, 60, 3, 12.06%, 0, 0, 2, 0.04, 880, 130544
23474, 0, 0, 60, 60, 3, 12.06%, 0, 0, 2, 0.04, 881, 130544
23502, 0, 0, 60, 60, 3, 12.06%, 0, 0, 2, 0.04, 882, 130544
23530, 0, 0, 60, 60, 3, 12.06%, 0, 0, 2, 0.04, 883, 130544
23904, 0, 0, 61, 61, 3, 12.06%, 0, 0, 2, 0.04, 896, 130545
24297, 0, 0, 62, 62, 3, 12.16%, 0, 0, 2, 0.04, 909, 131622
24325, 0, 0, 62, 62, 3, 12.16%, 0, 0, 2, 0.04, 910, 131622
24353, 0, 0, 62, 62, 3, 12.16%, 0, 0, 2, 0.04, 911, 131622
24381, 0, 0, 62, 62, 3, 12.16%, 0, 0, 2, 0.04, 912, 131622
24884, 0, 0, 63, 63, 3, 12.16%, 0, 0, 2, 0.04, 925, 131622
24912, 0, 0, 63, 63, 3, 12.16%, 0, 0, 2, 0.04, 926, 131622
25504, 0, 0, 64, 64, 3, 12.16%, 0, 0, 2, 0.03, 939, 131622
25533, 0, 0, 64, 64, 3, 12.16%, 0, 0, 2, 0.03, 940, 131622
26062, 0, 0, 65, 65, 3, 12.16%, 0, 0, 2, 0.03, 953, 131661
26090, 0, 0, 65, 65, 3, 12.16%, 0, 0, 2, 0.03, 954, 131661
26118, 0, 0, 65, 65, 3, 12.16%, 0, 0, 2, 0.03, 955, 131661
26146, 0, 0, 65, 65, 3, 12.16%, 0, 0, 2, 0.03, 956, 131661
26521, 0, 0, 66, 66, 3, 12.16%, 0, 0, 2, 0.03, 969, 131673
26560, 0, 0, 66, 66, 3, 12.16%, 0, 0, 2, 0.03, 970, 131673
26588, 0, 0, 66, 66, 3, 12.16%, 0, 0, 2, 0.03, 971, 131673
26616, 0, 0, 66, 66, 3, 12.16%, 0, 0, 2, 0.03, 972, 131673
26645, 0, 0, 66, 66, 3, 12.16%, 0, 0, 2, 0.03, 973, 131673
27125, 0, 0, 67, 67, 3, 12.16%, 0, 0, 2, 0.03, 986, 131674
27492, 0, 0, 68, 68, 3, 12.16%, 0, 0, 2, 0.03, 999, 131674
28012, 0, 0, 69, 69, 3, 12.16%, 0, 0, 2, 0.03, 1012, 131676
28040, 0, 0, 69, 69, 3, 12.16%, 0, 0, 2, 0.03, 1013, 131676
28412, 0, 0, 70, 70, 3, 12.16%, 0, 0, 2, 0.03, 1026, 131676
28440, 0, 0, 70, 70, 3, 12.16%, 0, 0, 2, 0.03, 1027, 131676
28461, 0, 0, 70, 70, 3, 12.16%, 0, 0, 2, 0.03, 1028, 131676
28489, 0, 0, 70, 70, 3, 12.16%, 0, 0, 2, 0.03, 1029, 131676
28518, 0, 0, 70, 70, 3, 12.16%, 0, 0, 2, 0.03, 1030, 131676
29120, 0, 0, 71, 71, 3, 12.16%, 0, 0, 2, 0.03, 1043, 131676
29148, 0, 0, 71, 71, 3, 12.16%, 0, 0, 2, 0.03, 1044, 131676
29538, 0, 0, 72, 72, 3, 12.16%, 0, 0, 2, 0.03, 1057, 131677
29567, 0, 0, 72, 72, 3, 12.16%, 0, 0, 2, 0.03, 1058, 131677
29595, 0, 0, 72, 72, 3, 12.16%, 0, 0, 2, 0.03, 1059, 131677
29624, 0, 0, 72, 72, 3, 12.16%, 0, 0, 2, 0.03, 1060, 131677
29653, 0, 0, 72, 72, 3, 12.16%, 0, 0, 2, 0.03, 1061, 131677
29690, 0, 0, 72, 72, 3, 12.16%, 0, 0, 2, 0.03, 1062, 131677
30162, 0, 0, 73, 73, 3, 12.17%, 0, 0, 2, 0.03, 1075, 131767
30189, 0, 0, 73, 73, 3, 12.17%, 0, 0, 2, 0.03, 1076, 131767
30217, 0, 0, 73, 73, 3, 12.17%, 0, 0, 2, 0.03, 1077, 131767
30602, 0, 0, 74, 74, 3, 12.17%, 0, 0, 2, 0.03, 1090, 131767
30630, 0, 0, 74, 74, 3, 12.17%, 0, 0, 2, 0.03, 1091, 131767
30995, 0, 0, 75, 75, 3, 12.17%, 0, 0, 2, 0.03, 1104, 131776
31366, 0, 0, 76, 76, 3, 12.17%, 0, 0, 2, 0.03, 1117, 131776
31856, 0, 0, 77, 77, 3, 12.17%, 0, 0, 2, 0.03, 1130, 131776
31884, 0, 0, 77, 77, 3, 12.17%, 0, 0, 2, 0.03, 1131, 131776
31904, 0, 0, 77, 77, 3, 12.17%, 0, 0, 2, 0.03, 1132, 131776
32483, 0, 0, 78, 78, 3, 12.17%, 0, 0, 2, 0.03, 1145, 131793
32888, 0, 0, 79, 79, 3, 12.20%, 0, 0, 2, 0.03, 1158, 132054
32917, 0, 0, 79, 79, 3, 12.20%, 0, 0, 2, 0.03, 1159, 132054
32946, 0, 0, 79, 79, 3, 12.20%, 0, 0, 2, 0.03, 1160, 132054
32983, 0, 0, 79, 79, 3, 12.20%, 0, 0, 2, 0.03, 1161, 132054
33012, 0, 0, 79, 79, 3, 12.20%, 0, 0, 2, 0.03, 1162, 132054
33041, 0, 0, 79, 79, 3, 12.20%, 0, 0, 2, 0.03, 1163, 132054
33069, 0, 0, 79, 79, 3, 12.20%, 0, 0, 2, 0.03, 1164, 132054
33098, 0, 0, 79, 79, 3, 12.20%, 0, 0, 2, 0.03, 1165, 132054
33127, 0, 0, 79, 79, 3, 12.20%, 0, 0, 2, 0.03, 1166, 132054
33156, 0, 0, 79, 79, 3, 12.20%, 0, 0, 2, 0.03, 1167, 132054
33193, 0, 0, 79, 79, 3, 12.20%, 0, 0, 2, 0.03, 1168, 132054
33568, 0, 0, 80, 80, 3, 12.21%, 0, 0, 2, 0.03, 1181, 132131
33596, 0, 0, 80, 80, 3, 12.21%, 0, 0, 2, 0.03, 1182, 132131
33616, 0, 0, 80, 80, 3, 12.21%, 0, 0, 2, 0.03, 1183, 132131
33644, 0, 0, 80, 80, 3, 12.21%, 0, 0, 2, 0.03, 1184, 132131
33683, 0, 0, 80, 80, 3, 12.21%, 0, 0, 2, 0.03, 1185, 132131
33965, 0, 0, 81, 81, 3, 12.21%, 0, 0, 2, 0.03, 1198, 132131
33995, 0, 0, 81, 81, 3, 12.21%, 0, 0, 2, 0.03, 1199, 132131
34372, 0, 0, 82, 82, 3, 12.21%, 0, 0, 2, 0.03, 1212, 132133
34401, 0, 0, 82, 82, 3, 12.21%, 0, 0, 2, 0.03, 1213, 132133
34438, 0, 0, 82, 82, 3, 12.21%, 0, 0, 2, 0.03, 1214, 132133
34477, 0, 0, 82, 82, 3, 12.21%, 0, 0, 2, 0.03, 1215, 132133
34505, 0, 0, 82, 82, 3, 12.21%, 0, 0, 2, 0.03, 1216, 132133
34534, 0, 0, 82, 82, 3, 12.21%, 0, 0, 2, 0.03, 1217, 132133
35026, 0, 0, 83, 83, 3, 12.21%, 0, 0, 2, 0.03, 1230, 132144
35056, 0, 0, 83, 83, 3, 12.21%, 0, 0, 2, 0.03, 1231, 132144
35434, 0, 0, 84, 84, 3, 12.21%, 0, 0, 2, 0.03, 1244, 132145
35830, 0, 0, 85, 85, 3, 12.21%, 0, 0, 2, 0.03, 1257, 132146
35861, 0, 0, 85, 85, 3, 12.21%, 0, 0, 2, 0.03, 1258, 132146
35883, 0, 0, 85, 85, 3, 12.21%, 0, 0, 2, 0.03, 1259, 132146
35912, 0, 0, 85, 85, 3, 12.21%, 0, 0, 2, 0.03, 1260, 132146
35932, 0, 0, 85, 85, 3, 12.21%, 0, 0, 2, 0.04, 1261, 132146
36319, 0, 0, 86, 86, 3, 12.21%, 0, 0, 2, 0.04, 1274, 132147
36348, 0, 0, 86, 86, 3, 12.21%, 0, 0, 2, 0.04, 1275, 132147
36377, 0, 0, 86, 86, 3, 12.21%, 0, 0, 2, 0.04, 1276, 132147
36407, 0, 0, 86, 86, 3, 12.21%, 0, 0, 2, 0.03, 1277, 132147
36436, 0, 0, 86, 86, 3, 12.21%, 0, 0, 2, 0.03, 1278, 132147
36455, 0, 0, 86, 86, 3, 12.21%, 0, 0, 2, 0.04, 1279, 132147
36727, 0, 0, 87, 87, 3, 12.21%, 0, 0, 2, 0.04, 1292, 132147
36746, 0, 0, 87, 87, 3, 12.21%, 0, 0, 2, 0.04, 1293, 132147
36775, 0, 0, 87, 87, 3, 12.21%, 0, 0, 2, 0.04, 1294, 132147
36805, 0, 0, 87, 87, 3, 12.21%, 0, 0, 2, 0.04, 1295, 132147
37184, 0, 0, 88, 88, 3, 12.23%, 0, 0, 2, 0.04, 1308, 132413
37569, 0, 0, 89, 89, 3, 12.23%, 0, 0, 2, 0.04, 1321, 132416
37598, 0, 0, 89, 89, 3, 12.23%, 0, 0, 2, 0.04, 1322, 132416
37627, 0, 0, 89, 89, 3, 12.23%, 0, 0, 2, 0.04, 1323, 132416
37657, 0, 0, 89, 89, 3, 12.23%, 0, 0, 2, 0.04, 1324, 132416
37685, 0, 0, 89, 89, 3, 12.23%, 0, 0, 2, 0.04, 1325, 132416
37714, 0, 0, 89, 89, 3, 12.23%, 0, 0, 2, 0.04, 1326, 132416
38206, 0, 0, 90, 90, 3, 12.23%, 0, 0, 2, 0.04, 1339, 132416
38235, 0, 0, 90, 90, 3, 12.23%, 0, 0, 2, 0.04, 1340, 132416
38264, 0, 0, 90, 90, 3, 12.23%, 0, 0, 2, 0.04, 1341, 132416
38643, 0, 0, 91, 91, 3, 12.25%, 0, 0, 2, 0.04, 1354, 132584
38672, 0, 0, 91, 91, 3, 12.25%, 0, 0, 2, 0.04, 1355, 132584
38701, 0, 0, 91, 91, 3, 12.25%, 0, 0, 2, 0.04, 1356, 132584
38730, 0, 0, 91, 91, 3, 12.25%, 0, 0, 2, 0.04, 1357, 132584
38758, 0, 0, 91, 91, 3, 12.25%, 0, 0, 2, 0.04, 1358, 132584
38788, 0, 0, 91, 91, 3, 12.25%, 0, 0, 2, 0.04, 1359, 132584
39257, 0, 0, 92, 92, 3, 12.25%, 0, 0, 2, 0.03, 1372, 132609
39358, 0, 0, 92, 92, 3, 12.25%, 0, 1, 2, 0.03, 1373, 132609
39739, 0, 0, 93, 93, 3, 12.27%, 0, 1, 2, 0.03, 1386, 132783
39768, 0, 0, 93, 93, 3, 12.27%, 0, 1, 2, 0.03, 1387, 132783
39797, 0, 0, 93, 93, 3, 12.27%, 0, 1, 2, 0.03, 1388, 132783
40176, 0, 0, 94, 94, 3, 12.27%, 0, 1, 2, 0.03, 1401, 132835
40205, 0, 0, 94, 94, 3, 12.27%, 0, 1, 2, 0.03, 1402, 132835
40227, 0, 0, 94, 94, 3, 12.27%, 0, 1, 2, 0.03, 1403, 132835
40256, 0, 0, 94, 94, 3, 12.27%, 0, 1, 2, 0.03, 1404, 132835
40277, 0, 0, 94, 94, 3, 12.27%, 0, 1, 2, 0.04, 1405, 132835
40307, 0, 0, 94, 94, 3, 12.27%, 0, 1, 2, 0.03, 1406, 132835
40336, 0, 0, 94, 94, 3, 12.27%, 0, 1, 2, 0.03, 1407, 132835
40738, 0, 0, 95, 95, 3, 12.27%, 0, 1, 2, 0.03, 1420, 132837
40769, 0, 0, 95, 95, 3, 12.27%, 0, 1, 2, 0.03, 1421, 132837
40798, 0, 0, 95, 95, 3, 12.27%, 0, 1, 2, 0.03, 1422, 132837
40827, 0, 0, 95, 95, 3, 12.27%, 0, 1, 2, 0.03, 1423, 132837
40856, 0, 0, 95, 95, 3, 12.27%, 0, 1, 2, 0.03, 1424, 132837
40885, 0, 0, 95, 95, 3, 12.27%, 0, 1, 2, 0.03, 1425, 132837
40915, 0, 0, 95, 95, 3, 12.27%, 0, 1, 2, 0.03, 1426, 132837
40944, 0, 0, 95, 95, 3, 12.27%, 0, 1, 2, 0.03, 1427, 132837
40973, 0, 0, 95, 95, 3, 12.27%, 0, 1, 2, 0.03, 1428, 132837
41002, 0, 0, 95, 95, 3, 12.27%, 0, 1, 2, 0.03, 1429, 132837
41266, 0, 0, 96, 96, 3, 12.27%, 0, 1, 2, 0.04, 1442, 132841
41296, 0, 0, 96, 96, 3, 12.27%, 0, 1, 2, 0.04, 1443, 132841
41325, 0, 0, 96, 96, 3, 12.27%, 0, 1, 2, 0.04, 1444, 132841
41355, 0, 0, 96, 96, 3, 12.27%, 0, 1, 2, 0.04, 1445, 132841
41735, 0, 0, 97, 97, 3, 12.27%, 0, 1, 2, 0.04, 1458, 132841
42263, 0, 0, 98, 98, 3, 12.27%, 0, 1, 2, 0.03, 1471, 132845
42283, 0, 0, 98, 98, 3, 12.27%, 0, 1, 2, 0.04, 1472, 132845
42312, 0, 0, 98, 98, 3, 12.27%, 0, 1, 2, 0.04, 1473, 132845
42916, 0, 0, 99, 99, 3, 12.27%, 0, 1, 2, 0.03, 1486, 132852
42945, 0, 0, 99, 99, 3, 12.27%, 0, 1, 2, 0.03, 1487, 132852
42981, 0, 0, 99, 99, 3, 12.27%, 0, 1, 2, 0.03, 1488, 132852
43012, 0, 0, 99, 99, 3, 12.27%, 0, 1, 2, 0.03, 1489, 132852
43041, 0, 0, 99, 99, 3, 12.27%, 0, 1, 2, 0.03, 1490, 132852
43544, 0, 0, 100, 100, 3, 12.27%, 0, 1, 2, 0.03, 1503, 132854
43572, 0, 0, 100, 100, 3, 12.27%, 0, 1, 2, 0.03, 1504, 132854
43604, 0, 0, 100, 100, 3, 12.27%, 0, 1, 2, 0.03, 1505, 132854
44124, 0, 0, 101, 101, 3, 12.27%, 0, 1, 2, 0.03, 1518, 132854
44154, 0, 0, 101, 101, 3, 12.27%, 0, 1, 2, 0.03, 1519, 132854
44183, 0, 0, 101, 101, 3, 12.27%, 0, 1, 2, 0.03, 1520, 132854
44213, 0, 0, 101, 101, 3, 12.27%, 0, 1, 2, 0.03, 1521, 132854
44234, 0, 0, 101, 101, 3, 12.27%, 0, 1, 2, 0.03, 1522, 132854
44264, 0, 0, 101, 101, 3, 12.27%, 0, 1, 2, 0.03, 1523, 132854
44285, 0, 0, 101, 101, 3, 12.27%, 0, 1, 2, 0.03, 1524, 132854
44315, 0, 0, 101, 101, 3, 12.27%, 0, 1, 2, 0.03, 1525, 132854
44345, 0, 0, 101, 101, 3, 12.27%, 0, 1, 2, 0.03, 1526, 132854
44364, 0, 0, 101, 101, 3, 12.27%, 0, 1, 2, 0.04, 1527, 132854
44395, 0, 0, 101, 101, 3, 12.27%, 0, 1, 2, 0.04, 1528, 132854
44424, 0, 0, 101, 101, 3, 12.27%, 0, 1, 2, 0.04, 1529, 132854
44809, 0, 0, 102, 102, 3, 12.27%, 0, 1, 2, 0.04, 1542, 132857
44839, 0, 0, 102, 102, 3, 12.27%, 0, 1, 2, 0.04, 1543, 132857
44867, 0, 0, 102, 102, 3, 12.27%, 0, 1, 2, 0.04, 1544, 132857
45134, 0, 0, 103, 103, 3, 12.27%, 0, 1, 2, 0.04, 1557, 132862
45155, 0, 0, 103, 103, 3, 12.27%, 0, 1, 2, 0.04, 1558, 132862
45184, 0, 0, 103, 103, 3, 12.27%, 0, 1, 2, 0.04, 1559, 132862
45591, 0, 0, 104, 104, 3, 12.27%, 0, 1, 2, 0.04, 1572, 132867
45629, 0, 0, 104, 104, 3, 12.27%, 0, 1, 2, 0.04, 1573, 132867
45659, 0, 0, 104, 104, 3, 12.27%, 0, 1, 2, 0.04, 1574, 132867
45688, 0, 0, 104, 104, 3, 12.27%, 0, 1, 2, 0.04, 1575, 132867
45718, 0, 0, 104, 104, 3, 12.27%, 0, 1, 2, 0.04, 1576, 132867
46101, 0, 0, 105, 105, 3, 12.28%, 0, 1, 2, 0.04, 1589, 132880
46140, 0, 0, 105, 105, 3, 12.28%, 0, 1, 2, 0.03, 1590, 132880
46643, 0, 0, 106, 106, 3, 12.28%, 0, 1, 2, 0.03, 1603, 132886
46673, 0, 0, 106, 106, 3, 12.28%, 0, 1, 2, 0.03, 1604, 132886
46702, 0, 0, 106, 106, 3, 12.28%, 0, 1, 2, 0.03, 1605, 132886
46733, 0, 0, 106, 106, 3, 12.28%, 0, 1, 2, 0.03, 1606, 132886
46763, 0, 0, 106, 106, 3, 12.28%, 0, 1, 2, 0.03, 1607, 132886
47296, 0, 0, 107, 107, 3, 12.28%, 0, 1, 2, 0.03, 1620, 132887
47326, 0, 0, 107, 107, 3, 12.28%, 0, 1, 2, 0.03, 1621, 132887
47356, 0, 0, 107, 107, 3, 12.28%, 0, 1, 2, 0.03, 1622, 132887
47385, 0, 0, 107, 107, 3, 12.28%, 0, 1, 2, 0.03, 1623, 132887
47406, 0, 0, 107, 107, 3, 12.28%, 0, 1, 2, 0.03, 1624, 132887
47435, 0, 0, 107, 107, 3, 12.28%, 0, 1, 2, 0.03, 1625, 132887
47472, 0, 0, 107, 107, 3, 12.28%, 0, 1, 2, 0.03, 1626, 132887
47502, 0, 0, 107, 107, 3, 12.28%, 0, 1, 2, 0.03, 1627, 132887
47533, 0, 0, 107, 107, 3, 12.28%, 0, 1, 2, 0.03, 1628, 132887
47562, 0, 0, 107, 107, 3, 12.28%, 0, 1, 2, 0.03, 1629, 132887
47594, 0, 0, 107, 107, 3, 12.28%, 0, 1, 2, 0.03, 1630, 132887
48000, 0, 0, 108, 108, 3, 12.51%, 0, 1, 2, 0.03, 1643, 135382
48421, 0, 0, 109, 109, 3, 12.51%, 0, 1, 2, 0.03, 1656, 135382
48451, 0, 0, 109, 109, 3, 12.51%, 0, 1, 2, 0.03, 1657, 135382
48480, 0, 0, 109, 109, 3, 12.51%, 0, 1, 2, 0.03, 1658, 135382
48871, 0, 0, 110, 110, 3, 12.51%, 0, 1, 2, 0.03, 1671, 135382
48900, 0, 0, 110, 110, 3, 12.51%, 0, 1, 2, 0.03, 1672, 135382
48929, 0, 0, 110, 110, 3, 12.51%, 0, 1, 2, 0.03, 1673, 135382
48969, 0, 0, 110, 110, 3, 12.51%, 0, 1, 2, 0.03, 1674, 135382
49002, 0, 0, 110, 110, 3, 12.51%, 0, 1, 2, 0.03, 1675, 135382
49040, 0, 0, 110, 110, 3, 12.51%, 0, 1, 2, 0.03, 1676, 135382
49069, 0, 0, 110, 110, 3, 12.51%, 0, 1, 2, 0.03, 1677, 135382
49107, 0, 0, 110, 110, 3, 12.51%, 0, 1, 2, 0.03, 1678, 135382
49138, 0, 0, 110, 110, 3, 12.51%, 0, 1, 2, 0.03, 1679, 135382
49168, 0, 0, 110, 110, 3, 12.51%, 0, 1, 2, 0.03, 1680, 135382
49198, 0, 0, 110, 110, 3, 12.51%, 0, 1, 2, 0.03, 1681, 135382
49227, 0, 0, 110, 110, 3, 12.51%, 0, 1, 2, 0.03, 1682, 135382
49257, 0, 0, 110, 110, 3, 12.51%, 0, 1, 2, 0.03, 1683, 135382
49280, 0, 0, 110, 110, 3, 12.51%, 0, 1, 2, 0.03, 1684, 135382
49310, 0, 0, 110, 110, 3, 12.51%, 0, 1, 2, 0.03, 1685, 135382
49349, 0, 0, 110, 110, 3, 12.51%, 0, 1, 2, 0.03, 1686, 135382
49387, 0, 0, 110, 110, 3, 12.51%, 0, 1, 2, 0.03, 1687, 135382
49665, 0, 0, 111, 111, 3, 12.51%, 0, 1, 2, 0.03, 1700, 135382
49695, 0, 0, 111, 111, 3, 12.51%, 0, 1, 2, 0.03, 1701, 135382
49725, 0, 0, 111, 111, 3, 12.51%, 0, 1, 2, 0.03, 1702, 135382
49755, 0, 0, 111, 111, 3, 12.51%, 0, 1, 2, 0.03, 1703, 135382
49784, 0, 0, 111, 111, 3, 12.51%, 0, 1, 2, 0.03, 1704, 135382
50169, 0, 0, 112, 112, 3, 12.51%, 0, 1, 2, 0.03, 1717, 135382
50199, 0, 0, 112, 112, 3, 12.51%, 0, 1, 2, 0.03, 1718, 135382
50221, 0, 0, 112, 112, 3, 12.51%, 0, 1, 2, 0.03, 1719, 135382
50243, 0, 0, 112, 112, 3, 12.51%, 0, 1, 2, 0.03, 1720, 135382
50271, 0, 0, 112, 112, 3, 12.51%, 0, 1, 2, 0.03, 1721, 135382
50300, 0, 0, 112, 112, 3, 12.51%, 0, 1, 2, 0.03, 1722, 135382
50330, 0, 0, 112, 112, 3, 12.51%, 0, 1, 2, 0.03, 1723, 135382
50359, 0, 0, 112, 112, 3, 12.51%, 0, 1, 2, 0.03, 1724, 135382
50380, 0, 0, 112, 112, 3, 12.51%, 0, 1, 2, 0.04, 1725, 135382
50410, 0, 0, 112, 112, 3, 12.51%, 0, 1, 2, 0.04, 1726, 135382
50439, 0, 0, 112, 112, 3, 12.51%, 0, 1, 2, 0.04, 1727, 135382
50853, 0, 0, 113, 113, 3, 12.51%, 0, 1, 2, 0.04, 1740, 135420
50883, 0, 0, 113, 113, 3, 12.51%, 0, 1, 2, 0.04, 1741, 135420
50913, 0, 0, 113, 113, 3, 12.51%, 0, 1, 2, 0.03, 1742, 135420
50944, 0, 0, 113, 113, 3, 12.51%, 0, 1, 2, 0.03, 1743, 135420
50973, 0, 0, 113, 113, 3, 12.51%, 0, 1, 2, 0.03, 1744, 135420
51471, 0, 0, 114, 114, 3, 12.51%, 0, 1, 2, 0.03, 1757, 135420
51499, 0, 0, 114, 114, 3, 12.51%, 0, 1, 2, 0.03, 1758, 135420
51527, 0, 0, 114, 114, 3, 12.51%, 0, 1, 2, 0.03, 1759, 135420
51554, 0, 0, 114, 114, 3, 12.51%, 0, 1, 2, 0.03, 1760, 135420
51582, 0, 0, 114, 114, 3, 12.51%, 0, 1, 2, 0.03, 1761, 135420
51832, 0, 0, 115, 115, 3, 12.51%, 0, 1, 2, 0.04, 1774, 135420
51860, 0, 0, 115, 115, 3, 12.51%, 0, 1, 2, 0.04, 1775, 135420
51887, 0, 0, 115, 115, 3, 12.51%, 0, 1, 2, 0.04, 1776, 135420
51914, 0, 0, 115, 115, 3, 12.51%, 0, 1, 2, 0.04, 1777, 135420
51941, 0, 0, 115, 115, 3, 12.51%, 0, 1, 2, 0.04, 1778, 135420
51976, 0, 0, 115, 115, 3, 12.51%, 0, 1, 2, 0.04, 1779, 135420
52004, 0, 0, 115, 115, 3, 12.51%, 0, 1, 2, 0.04, 1780, 135420
52030, 0, 0, 115, 115, 3, 12.51%, 0, 1, 2, 0.04, 1781, 135420
52057, 0, 0, 115, 115, 3, 12.51%, 0, 1, 2, 0.04, 1782, 135420
52420, 0, 0, 116, 116, 3, 12.51%, 0, 1, 2, 0.04, 1795, 135420
52449, 0, 0, 116, 116, 3, 12.51%, 0, 1, 2, 0.04, 1796, 135420
52487, 0, 0, 116, 116, 3, 12.51%, 0, 1, 2, 0.04, 1797, 135420
52517, 0, 0, 116, 116, 3, 12.51%, 0, 1, 2, 0.03, 1798, 135420
52989, 0, 0, 117, 117, 3, 12.51%, 0, 1, 2, 0.03, 1811, 135420
53037, 0, 0, 117, 117, 3, 12.51%, 0, 1, 2, 0.03, 1812, 135420
53328, 0, 0, 118, 118, 3, 12.51%, 0, 1, 2, 0.03, 1825, 135440
53359, 0, 0, 118, 118, 3, 12.51%, 0, 1, 2, 0.03, 1826, 135440
53388, 0, 0, 118, 118, 3, 12.51%, 0, 1, 2, 0.03, 1827, 135440
53419, 0, 0, 118, 118, 3, 12.51%, 0, 1, 2, 0.03, 1828, 135440
53448, 0, 0, 118, 118, 3, 12.51%, 0, 1, 2, 0.03, 1829, 135440
53964, 0, 0, 119, 119, 3, 12.51%, 0, 1, 2, 0.03, 1842, 135440
53984, 0, 0, 119, 119, 3, 12.51%, 0, 1, 2, 0.03, 1843, 135440
54014, 0, 0, 119, 119, 3, 12.51%, 0, 1, 2, 0.03, 1844, 135440
54412, 0, 0, 120, 120, 3, 12.51%, 0, 1, 2, 0.03, 1857, 135440
54442, 0, 0, 120, 120, 3, 12.51%, 0, 1, 2, 0.03, 1858, 135440
54472, 0, 0, 120, 120, 3, 12.51%, 0, 1, 2, 0.03, 1859, 135440
54510, 0, 0, 120, 120, 3, 12.51%, 0, 1, 2, 0.03, 1860, 135440
55143, 0, 0, 121, 121, 3, 12.51%, 0, 1, 2, 0.03, 1873, 135440
55172, 0, 0, 121, 121, 3, 12.51%, 0, 1, 2, 0.03, 1874, 135440
55202, 0, 0, 121, 121, 3, 12.51%, 0, 1, 2, 0.03, 1875, 135440
55240, 0, 0, 121, 121, 3, 12.51%, 0, 1, 2, 0.03, 1876, 135440
55279, 0, 0, 121, 121, 3, 12.51%, 0, 1, 2, 0.03, 1877, 135440
55668, 0, 0, 122, 122, 3, 12.51%, 0, 1, 2, 0.03, 1890, 135440
56146, 0, 0, 123, 123, 3, 12.53%, 0, 1, 2, 0.03, 1903, 135658
56174, 0, 0, 123, 123, 3, 12.53%, 0, 1, 2, 0.03, 1904, 135658
56428, 0, 0, 124, 124, 3, 12.57%, 0, 1, 2, 0.03, 1917, 136099
56768, 0, 0, 125, 125, 3, 12.57%, 0, 1, 2, 0.03, 1930, 136100
57096, 0, 0, 126, 126, 3, 12.57%, 0, 1, 2, 0.03, 1943, 136100
57118, 0, 0, 126, 126, 3, 12.57%, 0, 1, 2, 0.03, 1944, 136100
57144, 0, 0, 126, 126, 3, 12.57%, 0, 1, 2, 0.03, 1945, 136100
57169, 0, 0, 126, 126, 3, 12.57%, 0, 1, 2, 0.04, 1946, 136100
57195, 0, 0, 126, 126, 3, 12.57%, 0, 1, 2, 0.04, 1947, 136100
57221, 0, 0, 126, 126, 3, 12.57%, 0, 1, 2, 0.04, 1948, 136100
57246, 0, 0, 126, 126, 3, 12.57%, 0, 1, 2, 0.04, 1949, 136100
57271, 0, 0, 126, 126, 3, 12.57%, 0, 1, 2, 0.04, 1950, 136100
57296, 0, 0, 126, 126, 3, 12.57%, 0, 1, 2, 0.04, 1951, 136100
57321, 0, 0, 126, 126, 3, 12.57%, 0, 1, 2, 0.04, 1952, 136100
57346, 0, 0, 126, 126, 3, 12.57%, 0, 1, 2, 0.04, 1953, 136100
57374, 0, 0, 126, 126, 3, 12.57%, 0, 1, 2, 0.04, 1954, 136100
57399, 0, 0, 126, 126, 3, 12.57%, 0, 1, 2, 0.04, 1955, 136100
57829, 0, 0, 127, 127, 3, 12.57%, 0, 1, 2, 0.04, 1968, 136100
58271, 0, 0, 128, 128, 3, 12.57%, 0, 1, 2, 0.04, 1981, 136100
58297, 0, 0, 128, 128, 3, 12.57%, 0, 1, 2, 0.04, 1982, 136100
58329, 0, 0, 128, 128, 3, 12.57%, 0, 1, 2, 0.04, 1983, 136100
58354, 0, 0, 128, 128, 3, 12.57%, 0, 1, 2, 0.04, 1984, 136100
58372, 0, 0, 128, 128, 3, 12.57%, 0, 1, 2, 0.04, 1985, 136100
58397, 0, 0, 128, 128, 3, 12.57%, 0, 1, 2, 0.04, 1986, 136100
58423, 0, 0, 128, 128, 3, 12.57%, 0, 1, 2, 0.04, 1987, 136100
58763, 0, 0, 129, 129, 3, 12.57%, 0, 1, 2, 0.04, 2000, 136101
58788, 0, 0, 129, 129, 3, 12.57%, 0, 1, 2, 0.04, 2001, 136101
58814, 0, 0, 129, 129, 3, 12.57%, 0, 1, 2, 0.04, 2002, 136101
58840, 0, 0, 129, 129, 3, 12.57%, 0, 1, 2, 0.04, 2003, 136101
58873, 0, 0, 129, 129, 3, 12.57%, 0, 1, 2, 0.04, 2004, 136101
58898, 0, 0, 129, 129, 3, 12.57%, 0, 1, 2, 0.04, 2005, 136101
58923, 0, 0, 129, 129, 3, 12.57%, 0, 1, 2, 0.04, 2006, 136101
59186, 0, 0, 130, 130, 3, 12.57%, 0, 1, 2, 0.04, 2019, 136101
59211, 0, 0, 130, 130, 3, 12.57%, 0, 1, 2, 0.04, 2020, 136101
59232, 0, 0, 130, 130, 3, 12.57%, 0, 1, 2, 0.04, 2021, 136101
59259, 0, 0, 130, 130, 3, 12.57%, 0, 1, 2, 0.04, 2022, 136101
59284, 0, 0, 130, 130, 3, 12.57%, 0, 1, 2, 0.04, 2023, 136101
59309, 0, 0, 130, 130, 3, 12.57%, 0, 1, 2, 0.04, 2024, 136101
59345, 0, 0, 130, 130, 3, 12.57%, 0, 1, 2, 0.04, 2025, 136101
59370, 0, 0, 130, 130, 3, 12.57%, 0, 1, 2, 0.04, 2026, 136101
59398, 0, 0, 130, 130, 3, 12.57%, 0, 1, 2, 0.04, 2027, 136101
59423, 0, 0, 130, 130, 3, 12.57%, 0, 1, 2, 0.04, 2028, 136101
59448, 0, 0, 130, 130, 3, 12.57%, 0, 1, 2, 0.04, 2029, 136101
59473, 0, 0, 130, 130, 3, 12.57%, 0, 1, 2, 0.04, 2030, 136101
59498, 0, 0, 130, 130, 3, 12.57%, 0, 1, 2, 0.04, 2031, 136101
59524, 0, 0, 130, 130, 3, 12.57%, 0, 1, 2, 0.04, 2032, 136101
59549, 0, 0, 130, 130, 3, 12.57%, 0, 1, 2, 0.04, 2033, 136101
59574, 0, 0, 130, 130, 3, 12.57%, 0, 1, 2, 0.04, 2034, 136101
59599, 0, 0, 130, 130, 3, 12.57%, 0, 1, 2, 0.04, 2035, 136101
59853, 0, 0, 131, 131, 3, 12.57%, 0, 1, 2, 0.04, 2048, 136102
60098, 0, 0, 132, 132, 3, 12.58%, 0, 1, 2, 0.04, 2061, 136141
60116, 0, 0, 132, 132, 3, 12.58%, 0, 1, 2, 0.04, 2062, 136141
60141, 0, 0, 132, 132, 3, 12.58%, 0, 1, 2, 0.04, 2063, 136141
60166, 0, 0, 132, 132, 3, 12.58%, 0, 1, 2, 0.04, 2064, 136141
60192, 0, 0, 132, 132, 3, 12.58%, 0, 1, 2, 0.04, 2065, 136141
60210, 0, 0, 132, 132, 3, 12.58%, 0, 1, 2, 0.04, 2066, 136141
60226, 0, 0, 132, 132, 3, 12.58%, 0, 1, 2, 0.04, 2067, 136141
60251, 0, 0, 132, 132, 3, 12.58%, 0, 1, 2, 0.04, 2068, 136141
60271, 0, 0, 132, 132, 3, 12.58%, 0, 1, 2, 0.04, 2069, 136141
60296, 0, 0, 132, 132, 3, 12.58%, 0, 1, 2, 0.04, 2070, 136141
60321, 0, 0, 132, 132, 3, 12.58%, 0, 1, 2, 0.04, 2071, 136141
60347, 0, 0, 132, 132, 3, 12.58%, 0, 1, 2, 0.04, 2072, 136141
60365, 0, 0, 132, 132, 3, 12.58%, 0, 1, 2, 0.04, 2073, 136141
60390, 0, 0, 132, 132, 3, 12.58%, 0, 1, 2, 0.04, 2074, 136141
60416, 0, 0, 132, 132, 3, 12.58%, 0, 1, 2, 0.04, 2075, 136141
60449, 0, 0, 132, 132, 3, 12.58%, 0, 1, 2, 0.04, 2076, 136141
60474, 0, 0, 132, 132, 3, 12.58%, 0, 1, 2, 0.04, 2077, 136141
60499, 0, 0, 132, 132, 3, 12.58%, 0, 1, 2, 0.04, 2078, 136141
60532, 0, 0, 132, 132, 3, 12.58%, 0, 1, 2, 0.04, 2079, 136141
60559, 0, 0, 132, 132, 3, 12.58%, 0, 1, 2, 0.04, 2080, 136141
60585, 0, 0, 132, 132, 3, 12.58%, 0, 1, 2, 0.04, 2081, 136141
60918, 0, 0, 133, 133, 3, 12.58%, 0, 1, 2, 0.04, 2094, 136144
61368, 0, 0, 134, 134, 3, 12.59%, 0, 1, 2, 0.04, 2107, 136270
61393, 0, 0, 134, 134, 3, 12.59%, 0, 1, 2, 0.04, 2108, 136270
61410, 0, 0, 134, 134, 3, 12.59%, 0, 1, 2, 0.04, 2109, 136270
61435, 0, 0, 134, 134, 3, 12.59%, 0, 1, 2, 0.04, 2110, 136270
61462, 0, 0, 134, 134, 3, 12.59%, 0, 1, 2, 0.04, 2111, 136270
61488, 0, 0, 134, 134, 3, 12.59%, 0, 1, 2, 0.04, 2112, 136270
61513, 0, 0, 134, 134, 3, 12.59%, 0, 1, 2, 0.04, 2113, 136270
61538, 0, 0, 134, 134, 3, 12.59%, 0, 1, 2, 0.04, 2114, 136270
61564, 0, 0, 134, 134, 3, 12.59%, 0, 1, 2, 0.04, 2115, 136270
61598, 0, 0, 134, 134, 3, 12.59%, 0, 1, 2, 0.04, 2116, 136270
61616, 0, 0, 134, 134, 3, 12.59%, 0, 1, 2, 0.04, 2117, 136270
61643, 0, 0, 134, 134, 3, 12.59%, 0, 1, 2, 0.04, 2118, 136270
61673, 0, 0, 134, 134, 3, 12.59%, 0, 1, 2, 0.04, 2119, 136270
61699, 0, 0, 134, 134, 3, 12.59%, 0, 1, 2, 0.04, 2120, 136270
61724, 0, 0, 134, 134, 3, 12.59%, 0, 1, 2, 0.04, 2121, 136270
61742, 0, 0, 134, 134, 3, 12.59%, 0, 1, 2, 0.04, 2122, 136270
61767, 0, 0, 134, 134, 3, 12.59%, 0, 1, 2, 0.04, 2123, 136270
61795, 0, 0, 134, 134, 3, 12.59%, 0, 1, 2, 0.04, 2124, 136270
61821, 0, 0, 134, 134, 3, 12.59%, 0, 1, 2, 0.04, 2125, 136270
61845, 0, 0, 134, 134, 3, 12.59%, 0, 1, 2, 0.04, 2126, 136270
61862, 0, 0, 134, 134, 3, 12.59%, 0, 1, 2, 0.04, 2127, 136270
61888, 0, 0, 134, 134, 3, 12.59%, 0, 1, 2, 0.04, 2128, 136270
61907, 0, 0, 134, 134, 3, 12.59%, 0, 1, 2, 0.04, 2129, 136270
61931, 0, 0, 134, 134, 3, 12.59%, 0, 1, 2, 0.04, 2130, 136270
61957, 0, 0, 134, 134, 3, 12.59%, 0, 1, 2, 0.04, 2131, 136270
62683, 0, 0, 135, 135, 3, 12.59%, 0, 1, 2, 0.04, 2144, 136290
62714, 0, 0, 135, 135, 3, 12.59%, 0, 1, 2, 0.04, 2145, 136290
62743, 0, 0, 135, 135, 3, 12.59%, 0, 1, 2, 0.04, 2146, 136290
62789, 0, 0, 135, 135, 3, 12.59%, 0, 1, 2, 0.04, 2147, 136290
62820, 0, 0, 135, 135, 3, 12.59%, 0, 1, 2, 0.04, 2148, 136290
63095, 0, 0, 136, 136, 3, 12.60%, 0, 1, 2, 0.04, 2161, 136427
63144, 0, 0, 136, 136, 3, 12.60%, 0, 1, 2, 0.04, 2162, 136427
63174, 0, 0, 136, 136, 3, 12.60%, 0, 1, 2, 0.04, 2163, 136427
63205, 0, 0, 136, 136, 3, 12.60%, 0, 1, 2, 0.04, 2164, 136427
63609, 0, 0, 137, 137, 3, 12.60%, 0, 1, 2, 0.04, 2177, 136435
64128, 0, 0, 138, 138, 3, 12.60%, 0, 1, 2, 0.04, 2190, 136435
64168, 0, 0, 138, 138, 3, 12.60%, 0, 1, 2, 0.04, 2191, 136435
64191, 0, 0, 138, 138, 3, 12.60%, 0, 1, 2, 0.04, 2192, 136435
64222, 0, 0, 138, 138, 3, 12.60%, 0, 1, 2, 0.04, 2193, 136435
64252, 0, 0, 138, 138, 3, 12.60%, 0, 1, 2, 0.04, 2194, 136435
64283, 0, 0, 138, 138, 3, 12.60%, 0, 1, 2, 0.04, 2195, 136435
64315, 0, 0, 138, 138, 3, 12.60%, 0, 1, 2, 0.03, 2196, 136435
64345, 0, 0, 138, 138, 3, 12.60%, 0, 1, 2, 0.03, 2197, 136435
64376, 0, 0, 138, 138, 3, 12.60%, 0, 1, 2, 0.03, 2198, 136435
64397, 0, 0, 138, 138, 3, 12.60%, 0, 1, 2, 0.04, 2199, 136435
64427, 0, 0, 138, 138, 3, 12.60%, 0, 1, 2, 0.04, 2200, 136435
64459, 0, 0, 138, 138, 3, 12.60%, 0, 1, 2, 0.04, 2201, 136435
64858, 0, 0, 139, 139, 3, 12.60%, 0, 1, 2, 0.03, 2214, 136437
64888, 0, 0, 139, 139, 3, 12.60%, 0, 1, 2, 0.03, 2215, 136437
64919, 0, 0, 139, 139, 3, 12.60%, 0, 1, 2, 0.03, 2216, 136437
64950, 0, 0, 139, 139, 3, 12.60%, 0, 1, 2, 0.03, 2217, 136437
64980, 0, 0, 139, 139, 3, 12.60%, 0, 1, 2, 0.03, 2218, 136437
65010, 0, 0, 139, 139, 3, 12.60%, 0, 1, 2, 0.03, 2219, 136437
65052, 0, 0, 139, 139, 3, 12.60%, 0, 1, 2, 0.03, 2220, 136437
65082, 0, 0, 139, 139, 3, 12.60%, 0, 1, 2, 0.03, 2221, 136437
65112, 0, 0, 139, 139, 3, 12.60%, 0, 1, 2, 0.03, 2222, 136437
65143, 0, 0, 139, 139, 3, 12.60%, 0, 1, 2, 0.03, 2223, 136437
65174, 0, 0, 139, 139, 3, 12.60%, 0, 1, 2, 0.03, 2224, 136437
65205, 0, 0, 139, 139, 3, 12.60%, 0, 1, 2, 0.03, 2225, 136437
65244, 0, 0, 139, 139, 3, 12.60%, 0, 1, 2, 0.03, 2226, 136437
65275, 0, 0, 139, 139, 3, 12.60%, 0, 1, 2, 0.03, 2227, 136437
65305, 0, 0, 139, 139, 3, 12.60%, 0, 1, 2, 0.03, 2228, 136437
65336, 0, 0, 139, 139, 3, 12.60%, 0, 1, 2, 0.03, 2229, 136437
65367, 0, 0, 139, 139, 3, 12.60%, 0, 1, 2, 0.03, 2230, 136437
65388, 0, 0, 139, 139, 3, 12.60%, 0, 1, 2, 0.03, 2231, 136437
65678, 0, 0, 140, 140, 3, 12.60%, 0, 1, 2, 0.03, 2239, 136437
65779, 0, 0, 140, 140, 3, 12.60%, 0, 2, 2, 0.03, 2240, 136437
65879, 0, 0, 140, 140, 3, 12.60%, 0, 3, 2, 0.03, 2241, 136437
65908, 0, 0, 140, 140, 3, 12.60%, 0, 3, 2, 0.00, 2241, 136437
