# relative_time, cycles_done, cur_item, corpus_count, pending_total, pending_favs, map_size, saved_crashes, saved_hangs, max_depth, execs_per_sec, total_execs, edges_found
66, 0, 2, 3, 3, 3, 10.06%, 0, 0, 1, 0.04, 39, 108907
84, 0, 2, 3, 3, 3, 10.06%, 0, 0, 1, 0.04, 40, 108907
102, 0, 2, 3, 3, 3, 10.06%, 0, 0, 1, 0.04, 41, 108907
121, 0, 2, 3, 3, 3, 10.06%, 0, 0, 1, 0.05, 42, 108907
138, 0, 2, 3, 3, 3, 10.06%, 0, 0, 1, 0.05, 43, 108907
155, 0, 2, 3, 3, 3, 10.06%, 0, 0, 1, 0.05, 44, 108907
172, 0, 2, 3, 3, 3, 10.06%, 0, 0, 1, 0.05, 45, 108907
189, 0, 2, 3, 3, 3, 10.06%, 0, 0, 1, 0.05, 46, 108907
207, 0, 2, 3, 3, 3, 10.06%, 0, 0, 1, 0.05, 47, 108907
230, 0, 2, 3, 3, 3, 10.06%, 0, 0, 1, 0.05, 48, 108907
253, 0, 2, 3, 3, 3, 10.06%, 0, 0, 1, 0.05, 49, 108907
276, 0, 2, 3, 3, 3, 10.06%, 0, 0, 1, 0.05, 50, 108907
299, 0, 2, 3, 3, 3, 10.06%, 0, 0, 1, 0.05, 51, 108907
323, 0, 2, 3, 3, 3, 10.06%, 0, 0, 1, 0.05, 52, 108907
345, 0, 2, 3, 3, 3, 10.06%, 0, 0, 1, 0.05, 53, 108907
368, 0, 2, 3, 3, 3, 10.06%, 0, 0, 1, 0.05, 54, 108907
391, 0, 2, 3, 3, 3, 10.06%, 0, 0, 1, 0.05, 55, 108907
414, 0, 2, 3, 3, 3, 10.06%, 0, 0, 1, 0.05, 56, 108907
437, 0, 2, 3, 3, 3, 10.06%, 0, 0, 1, 0.05, 57, 108907
460, 0, 2, 3, 3, 3, 10.06%, 0, 0, 1, 0.05, 58, 108907
483, 0, 2, 3, 3, 3, 10.06%, 0, 0, 1, 0.05, 59, 108907
500, 0, 2, 3, 3, 3, 10.06%, 0, 0, 1, 0.05, 60, 108907
518, 0, 2, 3, 3, 3, 10.06%, 0, 0, 1, 0.05, 61, 108907
535, 0, 2, 3, 3, 3, 10.06%, 0, 0, 1, 0.05, 62, 108907
552, 0, 2, 3, 3, 3, 10.06%, 0, 0, 1, 0.05, 63, 108907
569, 0, 2, 3, 3, 3, 10.06%, 0, 0, 1, 0.05, 64, 108907
585, 0, 2, 3, 3, 3, 10.06%, 0, 0, 1, 0.05, 65, 108907
603, 0, 2, 3, 3, 3, 10.06%, 0, 0, 1, 0.05, 66, 108907
621, 0, 2, 3, 3, 3, 10.06%, 0, 0, 1, 0.05, 67, 108907
637, 0, 2, 3, 3, 3, 10.06%, 0, 0, 1, 0.05, 68, 108907
655, 0, 2, 3, 3, 3, 10.06%, 0, 0, 1, 0.05, 69, 108907
880, 0, 2, 4, 4, 3, 10.06%, 0, 0, 2, 0.05, 82, 108907
1106, 0, 2, 5, 5, 3, 10.06%, 0, 0, 2, 0.05, 95, 108910
1336, 0, 2, 6, 6, 3, 10.06%, 0, 0, 2, 0.05, 108, 108910
1354, 0, 2, 6, 6, 3, 10.06%, 0, 0, 2, 0.05, 109, 108910
1371, 0, 2, 6, 6, 3, 10.06%, 0, 0, 2, 0.05, 110, 108910
1389, 0, 2, 6, 6, 3, 10.06%, 0, 0, 2, 0.05, 111, 108910
1406, 0, 2, 6, 6, 3, 10.06%, 0, 0, 2, 0.05, 112, 108910
1635, 0, 2, 7, 7, 3, 10.06%, 0, 0, 2, 0.05, 125, 108911
1858, 0, 2, 8, 8, 3, 10.06%, 0, 0, 2, 0.05, 138, 108912
2066, 0, 2, 9, 9, 3, 10.06%, 0, 0, 2, 0.05, 151, 108925
2273, 0, 2, 10, 10, 3, 10.06%, 0, 0, 2, 0.06, 164, 108941
2458, 0, 2, 11, 11, 3, 10.06%, 0, 0, 2, 0.06, 177, 108942
2700, 0, 2, 12, 12, 3, 10.07%, 0, 0, 2, 0.06, 190, 109024
2878, 0, 2, 13, 13, 3, 10.07%, 0, 0, 2, 0.06, 203, 109024
2894, 0, 2, 13, 13, 3, 10.07%, 0, 0, 2, 0.06, 204, 109024
3095, 0, 2, 14, 14, 3, 10.07%, 0, 0, 2, 0.06, 217, 109024
3297, 0, 2, 15, 15, 3, 10.09%, 0, 0, 2, 0.06, 230, 109209
3500, 0, 2, 16, 16, 3, 10.09%, 0, 0, 2, 0.06, 243, 109230
3705, 0, 2, 17, 17, 3, 10.09%, 0, 0, 2, 0.06, 256, 109230
3720, 0, 2, 17, 17, 3, 10.09%, 0, 0, 2, 0.06, 257, 109230
4002, 0, 2, 18, 18, 3, 10.11%, 0, 0, 2, 0.06, 270, 109462
4233, 0, 2, 19, 19, 3, 10.11%, 0, 0, 2, 0.06, 283, 109490
4580, 0, 2, 20, 20, 3, 10.12%, 0, 0, 2, 0.06, 296, 109531
4779, 0, 2, 21, 21, 3, 10.12%, 0, 0, 2, 0.06, 309, 109533
5158, 0, 2, 22, 22, 3, 10.13%, 0, 0, 2, 0.06, 322, 109624
5428, 0, 2, 23, 23, 3, 10.13%, 0, 0, 2, 0.06, 335, 109637
5729, 0, 2, 24, 24, 3, 10.13%, 0, 0, 2, 0.05, 348, 109637
6073, 0, 2, 25, 25, 3, 10.13%, 0, 0, 2, 0.05, 361, 109637
6441, 0, 2, 26, 26, 3, 10.14%, 0, 0, 2, 0.05, 374, 109794
6746, 0, 2, 27, 27, 3, 10.14%, 0, 0, 2, 0.05, 387, 109794
7164, 0, 2, 28, 28, 3, 10.14%, 0, 0, 2, 0.05, 400, 109795
7395, 0, 2, 29, 29, 3, 10.14%, 0, 0, 2, 0.05, 413, 109795
7627, 0, 2, 30, 30, 3, 10.14%, 0, 0, 2, 0.05, 426, 109796
7870, 0, 2, 31, 31, 3, 10.14%, 0, 0, 2, 0.05, 439, 109796
8128, 0, 2, 32, 32, 3, 10.15%, 0, 0, 2, 0.05, 452, 109846
8447, 0, 2, 33, 33, 3, 10.15%, 0, 0, 2, 0.05, 465, 109853
8736, 0, 2, 34, 34, 3, 10.15%, 0, 0, 2, 0.05, 478, 109854
9139, 0, 2, 35, 35, 3, 10.22%, 0, 0, 2, 0.05, 491, 110624
9394, 0, 2, 36, 36, 3, 10.22%, 0, 0, 2, 0.05, 504, 110624
9645, 0, 2, 37, 37, 3, 10.22%, 0, 0, 2, 0.05, 517, 110647
9888, 0, 2, 38, 38, 3, 10.28%, 0, 0, 2, 0.05, 530, 111318
10384, 0, 2, 39, 39, 3, 10.29%, 0, 0, 2, 0.05, 543, 111368
10709, 0, 2, 40, 40, 3, 10.29%, 0, 0, 2, 0.05, 556, 111368
11046, 0, 2, 41, 41, 3, 10.29%, 0, 0, 2, 0.05, 569, 111368
11439, 0, 2, 42, 42, 3, 10.40%, 0, 0, 2, 0.05, 582, 112531
11788, 0, 2, 43, 43, 3, 10.40%, 0, 0, 2, 0.05, 595, 112531
12132, 0, 2, 44, 44, 3, 10.40%, 0, 0, 2, 0.05, 608, 112532
12492, 0, 2, 45, 45, 3, 10.40%, 0, 0, 2, 0.04, 621, 112532
12743, 0, 2, 46, 46, 3, 10.40%, 0, 0, 2, 0.05, 634, 112532
13250, 0, 2, 47, 47, 3, 10.40%, 0, 0, 2, 0.04, 647, 112532
13605, 0, 2, 48, 48, 3, 10.40%, 0, 0, 2, 0.04, 660, 112625
13956, 0, 2, 49, 49, 3, 10.40%, 0, 0, 2, 0.04, 673, 112625
14400, 0, 2, 50, 50, 3, 10.40%, 0, 0, 2, 0.04, 686, 112625
14739, 0, 2, 51, 51, 3, 10.40%, 0, 0, 2, 0.04, 699, 112625
15022, 0, 2, 52, 52, 3, 10.40%, 0, 0, 2, 0.04, 712, 112625
15346, 0, 2, 53, 53, 3, 10.40%, 0, 0, 2, 0.04, 725, 112625
15877, 0, 2, 54, 54, 3, 10.42%, 0, 0, 2, 0.04, 738, 112840
15977, 0, 2, 54, 54, 3, 10.42%, 0, 1, 2, 0.04, 739, 112840
16313, 0, 2, 55, 55, 3, 10.42%, 0, 1, 2, 0.04, 752, 112840
16580, 0, 2, 56, 56, 3, 10.42%, 0, 1, 2, 0.04, 765, 112843
16599, 0, 2, 56, 56, 3, 10.42%, 0, 1, 2, 0.04, 766, 112843
16840, 0, 2, 57, 57, 3, 10.42%, 0, 1, 2, 0.04, 779, 112843
17414, 0, 2, 58, 58, 3, 10.43%, 0, 1, 2, 0.04, 792, 112853
17440, 0, 2, 58, 58, 3, 10.43%, 0, 1, 2, 0.04, 793, 112853
17459, 0, 2, 58, 58, 3, 10.43%, 0, 1, 2, 0.04, 794, 112853
17481, 0, 2, 58, 58, 3, 10.43%, 0, 1, 2, 0.04, 795, 112853
17507, 0, 2, 58, 58, 3, 10.43%, 0, 1, 2, 0.04, 796, 112853
17532, 0, 2, 58, 58, 3, 10.43%, 0, 1, 2, 0.04, 797, 112853
17558, 0, 2, 58, 58, 3, 10.43%, 0, 1, 2, 0.04, 798, 112853
17816, 0, 2, 59, 59, 3, 10.43%, 0, 1, 2, 0.04, 811, 112853
18130, 0, 2, 60, 60, 3, 10.43%, 0, 1, 2, 0.04, 824, 112853
18150, 0, 2, 60, 60, 3, 10.43%, 0, 1, 2, 0.04, 825, 112853
18170, 0, 2, 60, 60, 3, 10.43%, 0, 1, 2, 0.04, 826, 112853
18567, 0, 2, 61, 61, 3, 10.43%, 0, 1, 2, 0.04, 839, 112857
19090, 0, 2, 62, 62, 3, 10.43%, 0, 1, 2, 0.04, 852, 112858
19113, 0, 2, 62, 62, 3, 10.43%, 0, 1, 2, 0.04, 853, 112858
19492, 0, 2, 63, 63, 3, 10.43%, 0, 1, 2, 0.04, 866, 112858
19879, 0, 2, 64, 64, 3, 10.43%, 0, 1, 2, 0.04, 879, 112858
20099, 0, 2, 65, 65, 3, 10.43%, 0, 1, 2, 0.04, 892, 112858
20119, 0, 2, 65, 65, 3, 10.43%, 0, 1, 2, 0.04, 893, 112858
20522, 0, 2, 66, 66, 3, 10.43%, 0, 1, 2, 0.04, 906, 112859
20783, 0, 2, 67, 67, 3, 10.43%, 0, 1, 2, 0.04, 919, 112859
20805, 0, 2, 67, 67, 3, 10.43%, 0, 1, 2, 0.04, 920, 112859
21242, 0, 2, 68, 68, 3, 10.43%, 0, 1, 2, 0.04, 933, 112909
21500, 0, 2, 69, 69, 3, 10.43%, 0, 1, 2, 0.04, 946, 112909
21519, 0, 2, 69, 69, 3, 10.43%, 0, 1, 2, 0.04, 947, 112909
21771, 0, 2, 70, 70, 3, 10.43%, 0, 1, 2, 0.04, 960, 112909
22046, 0, 2, 71, 71, 3, 10.43%, 0, 1, 2, 0.04, 973, 112910
22339, 0, 2, 72, 72, 3, 10.45%, 0, 1, 2, 0.04, 986, 113077
22359, 0, 2, 72, 72, 3, 10.45%, 0, 1, 2, 0.04, 987, 113077
22668, 0, 2, 73, 73, 3, 10.45%, 0, 1, 2, 0.04, 1000, 113077
22690, 0, 2, 73, 73, 3, 10.45%, 0, 1, 2, 0.04, 1001, 113077
22710, 0, 2, 73, 73, 3, 10.45%, 0, 1, 2, 0.04, 1002, 113077
22728, 0, 2, 73, 73, 3, 10.45%, 0, 1, 2, 0.04, 1003, 113077
22748, 0, 2, 73, 73, 3, 10.45%, 0, 1, 2, 0.05, 1004, 113077
22767, 0, 2, 73, 73, 3, 10.45%, 0, 1, 2, 0.05, 1005, 113077
22787, 0, 2, 73, 73, 3, 10.45%, 0, 1, 2, 0.05, 1006, 113077
22812, 0, 2, 73, 73, 3, 10.45%, 0, 1, 2, 0.05, 1007, 113077
22832, 0, 2, 73, 73, 3, 10.45%, 0, 1, 2, 0.05, 1008, 113077
23234, 0, 2, 74, 74, 3, 10.45%, 0, 1, 2, 0.04, 1021, 113077
23499, 0, 2, 75, 75, 3, 10.45%, 0, 1, 2, 0.05, 1034, 113077
23518, 0, 2, 75, 75, 3, 10.45%, 0, 1, 2, 0.05, 1035, 113077
23539, 0, 2, 75, 75, 3, 10.45%, 0, 1, 2, 0.05, 1036, 113077
23559, 0, 2, 75, 75, 3, 10.45%, 0, 1, 2, 0.05, 1037, 113077
23841, 0, 2, 76, 76, 3, 10.45%, 0, 1, 2, 0.05, 1050, 113078
23866, 0, 2, 76, 76, 3, 10.45%, 0, 1, 2, 0.05, 1051, 113078
23892, 0, 2, 76, 76, 3, 10.45%, 0, 1, 2, 0.05, 1052, 113078
24203, 0, 2, 77, 77, 3, 10.49%, 0, 1, 2, 0.04, 1065, 113538
24470, 0, 2, 78, 78, 3, 10.49%, 0, 1, 2, 0.05, 1078, 113540
24730, 0, 2, 79, 79, 3, 10.49%, 0, 1, 2, 0.05, 1091, 113540
25132, 0, 2, 80, 80, 3, 10.49%, 0, 1, 2, 0.04, 1104, 113540
25152, 0, 2, 80, 80, 3, 10.49%, 0, 1, 2, 0.05, 1105, 113540
25514, 0, 2, 81, 81, 3, 10.49%, 0, 1, 2, 0.04, 1118, 113540
25535, 0, 2, 81, 81, 3, 10.49%, 0, 1, 2, 0.04, 1119, 113540
25557, 0, 2, 81, 81, 3, 10.49%, 0, 1, 2, 0.04, 1120, 113540
25578, 0, 2, 81, 81, 3, 10.49%, 0, 1, 2, 0.04, 1121, 113540
25926, 0, 2, 82, 82, 3, 10.49%, 0, 1, 2, 0.04, 1134, 113541
26201, 0, 2, 83, 83, 3, 10.50%, 0, 1, 2, 0.04, 1147, 113643
26223, 0, 2, 83, 83, 3, 10.50%, 0, 1, 2, 0.04, 1148, 113643
26243, 0, 2, 83, 83, 3, 10.50%, 0, 1, 2, 0.04, 1149, 113643
26268, 0, 2, 83, 83, 3, 10.50%, 0, 1, 2, 0.04, 1150, 113643
26305, 0, 2, 83, 83, 3, 10.50%, 0, 1, 2, 0.04, 1151, 113643
26334, 0, 2, 83, 83, 3, 10.50%, 0, 1, 2, 0.04, 1152, 113643
26668, 0, 2, 84, 84, 3, 10.50%, 0, 1, 2, 0.04, 1165, 113643
27091, 0, 2, 85, 85, 3, 10.50%, 0, 1, 2, 0.04, 1178, 113643
27401, 0, 2, 86, 86, 3, 10.50%, 0, 1, 2, 0.04, 1191, 113650
27421, 0, 2, 86, 86, 3, 10.50%, 0, 1, 2, 0.04, 1192, 113650
27441, 0, 2, 86, 86, 3, 10.50%, 0, 1, 2, 0.04, 1193, 113650
27461, 0, 2, 86, 86, 3, 10.50%, 0, 1, 2, 0.04, 1194, 113650
27727, 0, 2, 87, 87, 3, 10.50%, 0, 1, 2, 0.04, 1207, 113675
27745, 0, 2, 87, 87, 3, 10.50%, 0, 1, 2, 0.04, 1208, 113675
27765, 0, 2, 87, 87, 3, 10.50%, 0, 1, 2, 0.04, 1209, 113675
28053, 0, 2, 88, 88, 3, 10.50%, 0, 1, 2, 0.04, 1222, 113675
28079, 0, 2, 88, 88, 3, 10.50%, 0, 1, 2, 0.04, 1223, 113675
28365, 0, 2, 89, 89, 3, 10.50%, 0, 1, 2, 0.04, 1236, 113675
28644, 0, 2, 90, 90, 3, 10.50%, 0, 1, 2, 0.04, 1249, 113675
28913, 0, 2, 91, 91, 3, 10.50%, 0, 1, 2, 0.04, 1262, 113676
28945, 0, 2, 91, 91, 3, 10.50%, 0, 1, 2, 0.04, 1263, 113676
28971, 0, 2, 91, 91, 3, 10.50%, 0, 1, 2, 0.04, 1264, 113676
29388, 0, 2, 92, 92, 3, 10.50%, 0, 1, 2, 0.04, 1277, 113676
29766, 0, 2, 93, 93, 3, 10.50%, 0, 1, 2, 0.04, 1290, 113676
29787, 0, 2, 93, 93, 3, 10.50%, 0, 1, 2, 0.04, 1291, 113676
29805, 0, 2, 93, 93, 3, 10.50%, 0, 1, 2, 0.04, 1292, 113676
29826, 0, 2, 93, 93, 3, 10.50%, 0, 1, 2, 0.04, 1293, 113676
29853, 0, 2, 93, 93, 3, 10.50%, 0, 1, 2, 0.04, 1294, 113676
30121, 0, 2, 94, 94, 3, 10.64%, 0, 1, 2, 0.04, 1307, 115230
30147, 0, 2, 94, 94, 3, 10.64%, 0, 1, 2, 0.04, 1308, 115230
30496, 0, 2, 95, 95, 3, 10.65%, 0, 1, 2, 0.04, 1321, 115233
31441, 0, 2, 96, 96, 3, 10.75%, 0, 1, 2, 0.04, 1334, 116357
31683, 0, 2, 97, 97, 3, 10.75%, 0, 1, 2, 0.04, 1347, 116357
32455, 0, 2, 98, 98, 3, 10.75%, 0, 1, 2, 0.04, 1360, 116365
32484, 0, 2, 98, 98, 3, 10.75%, 0, 1, 2, 0.04, 1361, 116365
32839, 0, 2, 99, 99, 3, 10.75%, 0, 1, 2, 0.04, 1374, 116368
33124, 0, 2, 100, 100, 3, 10.75%, 0, 1, 2, 0.04, 1387, 116368
33571, 0, 2, 101, 101, 3, 10.75%, 0, 1, 2, 0.04, 1400, 116368
33591, 0, 2, 101, 101, 3, 10.75%, 0, 1, 2, 0.04, 1401, 116368
33880, 0, 2, 102, 102, 3, 10.75%, 0, 1, 2, 0.04, 1414, 116368
34207, 0, 2, 103, 103, 3, 10.75%, 0, 1, 2, 0.04, 1427, 116368
34241, 0, 2, 103, 103, 3, 10.75%, 0, 1, 2, 0.04, 1428, 116368
34295, 0, 2, 103, 103, 3, 10.75%, 0, 1, 2, 0.04, 1429, 116368
34339, 0, 2, 103, 103, 3, 10.75%, 0, 1, 2, 0.04, 1430, 116368
34864, 0, 2, 104, 104, 3, 10.75%, 0, 1, 2, 0.04, 1443, 116387
34887, 0, 2, 104, 104, 3, 10.75%, 0, 1, 2, 0.04, 1444, 116387
34917, 0, 2, 104, 104, 3, 10.75%, 0, 1, 2, 0.04, 1445, 116387
34938, 0, 2, 104, 104, 3, 10.75%, 0, 1, 2, 0.04, 1446, 116387
34958, 0, 2, 104, 104, 3, 10.75%, 0, 1, 2, 0.04, 1447, 116387
34985, 0, 2, 104, 104, 3, 10.75%, 0, 1, 2, 0.04, 1448, 116387
35257, 0, 2, 105, 105, 3, 10.75%, 0, 1, 2, 0.04, 1461, 116392
35626, 0, 2, 106, 106, 3, 10.75%, 0, 1, 2, 0.04, 1474, 116406
35984, 0, 2, 107, 107, 3, 10.75%, 0, 1, 2, 0.04, 1487, 116406
36004, 0, 2, 107, 107, 3, 10.75%, 0, 1, 2, 0.04, 1488, 116406
36039, 0, 2, 107, 107, 3, 10.75%, 0, 1, 2, 0.04, 1489, 116406
36425, 0, 2, 108, 108, 3, 10.75%, 0, 1, 2, 0.04, 1502, 116406
36445, 0, 2, 108, 108, 3, 10.75%, 0, 1, 2, 0.04, 1503, 116406
36472, 0, 2, 108, 108, 3, 10.75%, 0, 1, 2, 0.04, 1504, 116406
36506, 0, 2, 108, 108, 3, 10.75%, 0, 1, 2, 0.04, 1505, 116406
36528, 0, 2, 108, 108, 3, 10.75%, 0, 1, 2, 0.04, 1506, 116406
37018, 0, 2, 109, 109, 3, 10.75%, 0, 1, 2, 0.04, 1519, 116406
37317, 0, 2, 110, 110, 3, 10.75%, 0, 1, 2, 0.04, 1532, 116406
37665, 0, 2, 111, 111, 3, 10.76%, 0, 1, 2, 0.04, 1545, 116460
37685, 0, 2, 111, 111, 3, 10.76%, 0, 1, 2, 0.04, 1546, 116460
37709, 0, 2, 111, 111, 3, 10.76%, 0, 1, 2, 0.04, 1547, 116460
37730, 0, 2, 111, 111, 3, 10.76%, 0, 1, 2, 0.04, 1548, 116460
37750, 0, 2, 111, 111, 3, 10.76%, 0, 1, 2, 0.04, 1549, 116460
37770, 0, 2, 111, 111, 3, 10.76%, 0, 1, 2, 0.04, 1550, 116460
37791, 0, 2, 111, 111, 3, 10.76%, 0, 1, 2, 0.04, 1551, 116460
37810, 0, 2, 111, 111, 3, 10.76%, 0, 1, 2, 0.04, 1552, 116460
37829, 0, 2, 111, 111, 3, 10.76%, 0, 1, 2, 0.04, 1553, 116460
38127, 0, 2, 112, 112, 3, 10.76%, 0, 1, 2, 0.04, 1566, 116460
38152, 0, 2, 112, 112, 3, 10.76%, 0, 1, 2, 0.04, 1567, 116460
38174, 0, 2, 112, 112, 3, 10.76%, 0, 1, 2, 0.04, 1568, 116460
38195, 0, 2, 112, 112, 3, 10.76%, 0, 1, 2, 0.04, 1569, 116460
38215, 0, 2, 112, 112, 3, 10.76%, 0, 1, 2, 0.04, 1570, 116460
38236, 0, 2, 112, 112, 3, 10.76%, 0, 1, 2, 0.04, 1571, 116460
38258, 0, 2, 112, 112, 3, 10.76%, 0, 1, 2, 0.04, 1572, 116460
38292, 0, 2, 112, 112, 3, 10.76%, 0, 1, 2, 0.04, 1573, 116460
38567, 0, 2, 113, 113, 3, 10.76%, 0, 1, 2, 0.04, 1586, 116461
38589, 0, 2, 113, 113, 3, 10.76%, 0, 1, 2, 0.04, 1587, 116461
38616, 0, 2, 113, 113, 3, 10.76%, 0, 1, 2, 0.04, 1588, 116461
38654, 0, 2, 113, 113, 3, 10.76%, 0, 1, 2, 0.04, 1589, 116461
38920, 0, 2, 114, 114, 3, 10.76%, 0, 1, 2, 0.04, 1602, 116461
38951, 0, 2, 114, 114, 3, 10.76%, 0, 1, 2, 0.04, 1603, 116461
39323, 0, 2, 115, 115, 3, 10.76%, 0, 1, 2, 0.04, 1616, 116492
39349, 0, 2, 115, 115, 3, 10.76%, 0, 1, 2, 0.04, 1617, 116492
39377, 0, 2, 115, 115, 3, 10.76%, 0, 1, 2, 0.04, 1618, 116492
39400, 0, 2, 115, 115, 3, 10.76%, 0, 1, 2, 0.04, 1619, 116492
39716, 0, 2, 116, 116, 3, 10.76%, 0, 1, 2, 0.04, 1632, 116518
39738, 0, 2, 116, 116, 3, 10.76%, 0, 1, 2, 0.04, 1633, 116518
39765, 0, 2, 116, 116, 3, 10.76%, 0, 1, 2, 0.04, 1634, 116518
40102, 0, 2, 117, 117, 3, 10.76%, 0, 1, 2, 0.04, 1647, 116520
40480, 0, 2, 118, 118, 3, 10.76%, 0, 1, 2, 0.04, 1660, 116520
40500, 0, 2, 118, 118, 3, 10.76%, 0, 1, 2, 0.04, 1661, 116520
40858, 0, 2, 119, 119, 3, 10.76%, 0, 1, 2, 0.04, 1674, 116520
41154, 0, 2, 120, 120, 3, 10.76%, 0, 1, 2, 0.04, 1687, 116520
41177, 0, 2, 120, 120, 3, 10.76%, 0, 1, 2, 0.04, 1688, 116520
41205, 0, 2, 120, 120, 3, 10.76%, 0, 1, 2, 0.04, 1689, 116520
41233, 0, 2, 120, 120, 3, 10.76%, 0, 1, 2, 0.04, 1690, 116520
41262, 0, 2, 120, 120, 3, 10.76%, 0, 1, 2, 0.04, 1691, 116520
41281, 0, 2, 120, 120, 3, 10.76%, 0, 1, 2, 0.04, 1692, 116520
41301, 0, 2, 120, 120, 3, 10.76%, 0, 1, 2, 0.04, 1693, 116520
41324, 0, 2, 120, 120, 3, 10.76%, 0, 1, 2, 0.04, 1694, 116520
41744, 0, 2, 121, 121, 3, 10.76%, 0, 1, 2, 0.04, 1707, 116520
41765, 0, 2, 121, 121, 3, 10.76%, 0, 1, 2, 0.04, 1708, 116520
42131, 0, 2, 122, 122, 3, 10.76%, 0, 1, 2, 0.04, 1721, 116520
42162, 0, 2, 122, 122, 3, 10.76%, 0, 1, 2, 0.04, 1722, 116520
42463, 0, 2, 123, 123, 3, 10.76%, 0, 1, 2, 0.04, 1735, 116520
42491, 0, 2, 123, 123, 3, 10.76%, 0, 1, 2, 0.04, 1736, 116520
42811, 0, 2, 124, 124, 3, 10.77%, 0, 1, 2, 0.04, 1749, 116597
43193, 0, 2, 125, 125, 3, 10.80%, 0, 1, 2, 0.04, 1762, 116889
43680, 0, 2, 126, 126, 3, 10.80%, 0, 1, 2, 0.04, 1775, 116889
43701, 0, 2, 126, 126, 3, 10.80%, 0, 1, 2, 0.04, 1776, 116889
43722, 0, 2, 126, 126, 3, 10.80%, 0, 1, 2, 0.04, 1777, 116889
44123, 0, 2, 127, 127, 3, 10.80%, 0, 1, 2, 0.04, 1790, 116889
44409, 0, 2, 128, 128, 3, 10.80%, 0, 1, 2, 0.04, 1803, 116921
44694, 0, 2, 129, 129, 3, 10.80%, 0, 1, 2, 0.04, 1816, 116921
45205, 0, 2, 130, 130, 3, 10.81%, 0, 1, 2, 0.04, 1829, 116999
45226, 0, 2, 130, 130, 3, 10.81%, 0, 1, 2, 0.04, 1830, 116999
45247, 0, 2, 130, 130, 3, 10.81%, 0, 1, 2, 0.04, 1831, 116999
45268, 0, 2, 130, 130, 3, 10.81%, 0, 1, 2, 0.04, 1832, 116999
45289, 0, 2, 130, 130, 3, 10.81%, 0, 1, 2, 0.04, 1833, 116999
45310, 0, 2, 130, 130, 3, 10.81%, 0, 1, 2, 0.04, 1834, 116999
45331, 0, 2, 130, 130, 3, 10.81%, 0, 1, 2, 0.04, 1835, 116999
45351, 0, 2, 130, 130, 3, 10.81%, 0, 1, 2, 0.04, 1836, 116999
45373, 0, 2, 130, 130, 3, 10.81%, 0, 1, 2, 0.04, 1837, 116999
45402, 0, 2, 130, 130, 3, 10.81%, 0, 1, 2, 0.04, 1838, 116999
45778, 0, 2, 131, 131, 3, 10.81%, 0, 1, 2, 0.04, 1851, 117003
45799, 0, 2, 131, 131, 3, 10.81%, 0, 1, 2, 0.04, 1852, 117003
45819, 0, 2, 131, 131, 3, 10.81%, 0, 1, 2, 0.04, 1853, 117003
46278, 0, 2, 132, 132, 3, 10.81%, 0, 1, 2, 0.04, 1866, 117009
46742, 0, 2, 133, 133, 3, 10.81%, 0, 1, 2, 0.04, 1879, 117009
46763, 0, 2, 133, 133, 3, 10.81%, 0, 1, 2, 0.04, 1880, 117009
47037, 0, 2, 134, 134, 3, 10.81%, 0, 1, 2, 0.04, 1893, 117009
47061, 0, 2, 134, 134, 3, 10.81%, 0, 1, 2, 0.04, 1894, 117009
47082, 0, 2, 134, 134, 3, 10.81%, 0, 1, 2, 0.04, 1895, 117009
47335, 0, 2, 135, 135, 3, 10.81%, 0, 1, 2, 0.04, 1908, 117009
47356, 0, 2, 135, 135, 3, 10.81%, 0, 1, 2, 0.04, 1909, 117009
47377, 0, 2, 135, 135, 3, 10.81%, 0, 1, 2, 0.04, 1910, 117009
47677, 0, 2, 136, 136, 3, 10.82%, 0, 1, 2, 0.04, 1923, 117156
47716, 0, 2, 136, 136, 3, 10.82%, 0, 1, 2, 0.04, 1924, 117156
47738, 0, 2, 136, 136, 3, 10.82%, 0, 1, 2, 0.04, 1925, 117156
48037, 0, 2, 137, 137, 3, 10.82%, 0, 1, 2, 0.04, 1938, 117158
48405, 0, 2, 138, 138, 3, 10.82%, 0, 1, 2, 0.04, 1951, 117158
48428, 0, 2, 138, 138, 3, 10.82%, 0, 1, 2, 0.04, 1952, 117158
48456, 0, 2, 138, 138, 3, 10.82%, 0, 1, 2, 0.04, 1953, 117158
48477, 0, 2, 138, 138, 3, 10.82%, 0, 1, 2, 0.04, 1954, 117158
48504, 0, 2, 138, 138, 3, 10.82%, 0, 1, 2, 0.04, 1955, 117158
48528, 0, 2, 138, 138, 3, 10.82%, 0, 1, 2, 0.04, 1956, 117158
48555, 0, 2, 138, 138, 3, 10.82%, 0, 1, 2, 0.04, 1957, 117158
48576, 0, 2, 138, 138, 3, 10.82%, 0, 1, 2, 0.04, 1958, 117158
48597, 0, 2, 138, 138, 3, 10.82%, 0, 1, 2, 0.04, 1959, 117158
48627, 0, 2, 138, 138, 3, 10.82%, 0, 1, 2, 0.04, 1960, 117158
48657, 0, 2, 138, 138, 3, 10.82%, 0, 1, 2, 0.04, 1961, 117158
48687, 0, 2, 138, 138, 3, 10.82%, 0, 1, 2, 0.04, 1962, 117158
48714, 0, 2, 138, 138, 3, 10.82%, 0, 1, 2, 0.04, 1963, 117158
48751, 0, 2, 138, 138, 3, 10.82%, 0, 1, 2, 0.04, 1964, 117158
49023, 0, 2, 139, 139, 3, 10.82%, 0, 1, 2, 0.04, 1977, 117158
49052, 0, 2, 139, 139, 3, 10.82%, 0, 1, 2, 0.04, 1978, 117158
49074, 0, 2, 139, 139, 3, 10.82%, 0, 1, 2, 0.04, 1979, 117158
49095, 0, 2, 139, 139, 3, 10.82%, 0, 1, 2, 0.04, 1980, 117158
49115, 0, 2, 139, 139, 3, 10.82%, 0, 1, 2, 0.04, 1981, 117158
49558, 0, 2, 140, 140, 3, 11.06%, 0, 1, 2, 0.04, 1994, 119758
49580, 0, 2, 140, 140, 3, 11.06%, 0, 1, 2, 0.04, 1995, 119758
49602, 0, 2, 140, 140, 3, 11.06%, 0, 1, 2, 0.04, 1996, 119758
49623, 0, 2, 140, 140, 3, 11.06%, 0, 1, 2, 0.04, 1997, 119758
49896, 0, 2, 141, 141, 3, 11.06%, 0, 1, 2, 0.04, 2010, 119758
49916, 0, 2, 141, 141, 3, 11.06%, 0, 1, 2, 0.04, 2011, 119758
50301, 0, 2, 142, 142, 3, 11.06%, 0, 1, 2, 0.04, 2024, 119759
50323, 0, 2, 142, 142, 3, 11.06%, 0, 1, 2, 0.04, 2025, 119759
50350, 0, 2, 142, 142, 3, 11.06%, 0, 1, 2, 0.04, 2026, 119759
50372, 0, 2, 142, 142, 3, 11.06%, 0, 1, 2, 0.04, 2027, 119759
50393, 0, 2, 142, 142, 3, 11.06%, 0, 1, 2, 0.04, 2028, 119759
50418, 0, 2, 142, 142, 3, 11.06%, 0, 1, 2, 0.04, 2029, 119759
50447, 0, 2, 142, 142, 3, 11.06%, 0, 1, 2, 0.04, 2030, 119759
50475, 0, 2, 142, 142, 3, 11.06%, 0, 1, 2, 0.04, 2031, 119759
51005, 0, 2, 143, 143, 3, 11.06%, 0, 1, 2, 0.04, 2044, 119768
51033, 0, 2, 143, 143, 3, 11.06%, 0, 1, 2, 0.04, 2045, 119768
51055, 0, 2, 143, 143, 3, 11.06%, 0, 1, 2, 0.04, 2046, 119768
51083, 0, 2, 143, 143, 3, 11.06%, 0, 1, 2, 0.04, 2047, 119768
51108, 0, 2, 143, 143, 3, 11.06%, 0, 1, 2, 0.04, 2048, 119768
51491, 0, 2, 144, 144, 3, 11.06%, 0, 1, 2, 0.04, 2061, 119773
51512, 0, 2, 144, 144, 3, 11.06%, 0, 1, 2, 0.04, 2062, 119773
51796, 0, 2, 145, 145, 3, 11.06%, 0, 1, 2, 0.04, 2075, 119773
51823, 0, 2, 145, 145, 3, 11.06%, 0, 1, 2, 0.04, 2076, 119773
51845, 0, 2, 145, 145, 3, 11.06%, 0, 1, 2, 0.04, 2077, 119773
52178, 0, 2, 146, 146, 3, 11.06%, 0, 1, 2, 0.04, 2090, 119776
52197, 0, 2, 146, 146, 3, 11.06%, 0, 1, 2, 0.04, 2091, 119776
52217, 0, 2, 146, 146, 3, 11.06%, 0, 1, 2, 0.04, 2092, 119776
52468, 0, 2, 147, 147, 3, 11.06%, 0, 1, 2, 0.04, 2105, 119776
52493, 0, 2, 147, 147, 3, 11.06%, 0, 1, 2, 0.04, 2106, 119776
52857, 0, 2, 148, 148, 3, 11.06%, 0, 1, 2, 0.04, 2119, 119776
52879, 0, 2, 148, 148, 3, 11.06%, 0, 1, 2, 0.04, 2120, 119776
52906, 0, 2, 148, 148, 3, 11.06%, 0, 1, 2, 0.04, 2121, 119776
53195, 0, 2, 149, 149, 3, 11.08%, 0, 1, 2, 0.04, 2134, 119917
53216, 0, 2, 149, 149, 3, 11.08%, 0, 1, 2, 0.04, 2135, 119917
53243, 0, 2, 149, 149, 3, 11.08%, 0, 1, 2, 0.04, 2136, 119917
53266, 0, 2, 149, 149, 3, 11.08%, 0, 1, 2, 0.04, 2137, 119917
53647, 0, 2, 150, 150, 3, 11.08%, 0, 1, 2, 0.04, 2150, 119932
53668, 0, 2, 150, 150, 3, 11.08%, 0, 1, 2, 0.04, 2151, 119932
53998, 0, 2, 151, 151, 3, 11.08%, 0, 1, 2, 0.04, 2164, 119932
54325, 0, 2, 152, 152, 3, 11.08%, 0, 1, 2, 0.04, 2177, 119932
54354, 0, 2, 152, 152, 3, 11.08%, 0, 1, 2, 0.04, 2178, 119932
54389, 0, 2, 152, 152, 3, 11.08%, 0, 1, 2, 0.04, 2179, 119932
54409, 0, 2, 152, 152, 3, 11.08%, 0, 1, 2, 0.04, 2180, 119932
54430, 0, 2, 152, 152, 3, 11.08%, 0, 1, 2, 0.04, 2181, 119932
54769, 0, 2, 153, 153, 3, 11.08%, 0, 1, 2, 0.04, 2194, 119932
55247, 0, 2, 154, 154, 3, 11.29%, 0, 1, 2, 0.04, 2207, 122177
55279, 0, 2, 154, 154, 3, 11.29%, 0, 1, 2, 0.04, 2208, 122177
55301, 0, 2, 154, 154, 3, 11.29%, 0, 1, 2, 0.04, 2209, 122177
55667, 0, 2, 155, 155, 3, 11.29%, 0, 1, 2, 0.04, 2222, 122177
55691, 0, 2, 155, 155, 3, 11.29%, 0, 1, 2, 0.04, 2223, 122177
55721, 0, 2, 155, 155, 3, 11.29%, 0, 1, 2, 0.04, 2224, 122177
55744, 0, 2, 155, 155, 3, 11.29%, 0, 1, 2, 0.04, 2225, 122177
56129, 0, 2, 156, 156, 3, 11.29%, 0, 1, 2, 0.04, 2238, 122177
56229, 0, 2, 156, 156, 3, 11.29%, 0, 2, 2, 0.04, 2239, 122177
56330, 0, 2, 156, 156, 3, 11.29%, 0, 3, 2, 0.04, 2240, 122177
56430, 0, 2, 156, 156, 3, 11.29%, 0, 4, 2, 0.03, 2241, 122177
56530, 0, 2, 156, 156, 3, 11.29%, 0, 5, 2, 0.03, 2242, 122177
56630, 0, 2, 156, 156, 3, 11.29%, 0, 6, 2, 0.03, 2243, 122177
56730, 0, 2, 156, 156, 3, 11.29%, 0, 7, 2, 0.03, 2244, 122177
56831, 0, 2, 156, 156, 3, 11.29%, 0, 8, 2, 0.03, 2245, 122177
56843, 0, 2, 156, 156, 3, 11.29%, 0, 8, 2, 0.00, 2245, 122177
