# relative_time, cycles_done, cur_item, corpus_count, pending_total, pending_favs, map_size, saved_crashes, saved_hangs, max_depth, execs_per_sec, total_execs, edges_found
71, 0, 1, 3, 3, 3, 10.42%, 0, 0, 1, 0.04, 39, 112753
95, 0, 1, 3, 3, 3, 10.42%, 0, 0, 1, 0.04, 40, 112753
119, 0, 1, 3, 3, 3, 10.42%, 0, 0, 1, 0.04, 41, 112753
138, 0, 1, 3, 3, 3, 10.42%, 0, 0, 1, 0.04, 42, 112753
156, 0, 1, 3, 3, 3, 10.42%, 0, 0, 1, 0.04, 43, 112753
174, 0, 1, 3, 3, 3, 10.42%, 0, 0, 1, 0.04, 44, 112753
192, 0, 1, 3, 3, 3, 10.42%, 0, 0, 1, 0.04, 45, 112753
211, 0, 1, 3, 3, 3, 10.42%, 0, 0, 1, 0.04, 46, 112753
235, 0, 1, 3, 3, 3, 10.42%, 0, 0, 1, 0.04, 47, 112753
265, 0, 1, 3, 3, 3, 10.42%, 0, 0, 1, 0.04, 48, 112753
295, 0, 1, 3, 3, 3, 10.42%, 0, 0, 1, 0.04, 49, 112753
325, 0, 1, 3, 3, 3, 10.42%, 0, 0, 1, 0.04, 50, 112753
354, 0, 1, 3, 3, 3, 10.42%, 0, 0, 1, 0.04, 51, 112753
384, 0, 1, 3, 3, 3, 10.42%, 0, 0, 1, 0.04, 52, 112753
413, 0, 1, 3, 3, 3, 10.42%, 0, 0, 1, 0.04, 53, 112753
441, 0, 1, 3, 3, 3, 10.42%, 0, 0, 1, 0.04, 54, 112753
471, 0, 1, 3, 3, 3, 10.42%, 0, 0, 1, 0.04, 55, 112753
500, 0, 1, 3, 3, 3, 10.42%, 0, 0, 1, 0.04, 56, 112753
529, 0, 1, 3, 3, 3, 10.42%, 0, 0, 1, 0.04, 57, 112753
559, 0, 1, 3, 3, 3, 10.42%, 0, 0, 1, 0.04, 58, 112753
587, 0, 1, 3, 3, 3, 10.42%, 0, 0, 1, 0.04, 59, 112753
616, 0, 1, 3, 3, 3, 10.42%, 0, 0, 1, 0.04, 60, 112753
644, 0, 1, 3, 3, 3, 10.42%, 0, 0, 1, 0.04, 61, 112753
672, 0, 1, 3, 3, 3, 10.42%, 0, 0, 1, 0.04, 62, 112753
701, 0, 1, 3, 3, 3, 10.42%, 0, 0, 1, 0.04, 63, 112753
731, 0, 1, 3, 3, 3, 10.42%, 0, 0, 1, 0.04, 64, 112753
760, 0, 1, 3, 3, 3, 10.42%, 0, 0, 1, 0.04, 65, 112753
783, 0, 1, 3, 3, 3, 10.42%, 0, 0, 1, 0.04, 66, 112753
801, 0, 1, 3, 3, 3, 10.42%, 0, 0, 1, 0.04, 67, 112753
819, 0, 1, 3, 3, 3, 10.42%, 0, 0, 1, 0.04, 68, 112753
843, 0, 1, 3, 3, 3, 10.42%, 0, 0, 1, 0.04, 69, 112753
868, 0, 1, 3, 3, 3, 10.42%, 0, 0, 1, 0.04, 70, 112753
1174, 0, 1, 4, 4, 3, 10.42%, 0, 0, 2, 0.04, 83, 112766
1484, 0, 1, 5, 5, 3, 10.42%, 0, 0, 2, 0.04, 96, 112773
1797, 0, 1, 6, 6, 3, 10.42%, 0, 0, 2, 0.04, 109, 112773
2196, 0, 1, 7, 7, 3, 10.49%, 0, 0, 2, 0.04, 122, 113527
2465, 0, 1, 8, 8, 3, 10.53%, 0, 0, 2, 0.04, 135, 113945
2785, 0, 1, 9, 9, 3, 10.53%, 0, 0, 2, 0.04, 148, 113945
3011, 0, 1, 10, 10, 3, 10.53%, 0, 0, 2, 0.04, 161, 113947
3582, 0, 1, 11, 11, 3, 10.54%, 0, 0, 2, 0.04, 174, 114133
4091, 0, 1, 12, 12, 3, 10.54%, 0, 0, 2, 0.04, 187, 114149
4398, 0, 1, 13, 13, 3, 10.54%, 0, 0, 2, 0.04, 200, 114149
4706, 0, 1, 14, 14, 3, 10.55%, 0, 0, 2, 0.04, 213, 114155
4968, 0, 1, 15, 15, 3, 10.55%, 0, 0, 2, 0.04, 226, 114163
5401, 0, 1, 16, 16, 3, 10.55%, 0, 0, 2, 0.04, 239, 114172
5722, 0, 1, 17, 17, 3, 10.55%, 0, 0, 2, 0.04, 252, 114172
6103, 0, 1, 18, 18, 3, 10.55%, 0, 0, 2, 0.04, 265, 114227
6421, 0, 1, 19, 19, 3, 10.55%, 0, 0, 2, 0.04, 278, 114227
6815, 0, 1, 20, 20, 3, 10.55%, 0, 0, 2, 0.04, 291, 114227
7158, 0, 1, 21, 21, 3, 10.55%, 0, 0, 2, 0.04, 304, 114227
7376, 0, 1, 22, 22, 3, 10.55%, 0, 0, 2, 0.04, 317, 114227
7633, 0, 1, 23, 23, 3, 10.55%, 0, 0, 2, 0.04, 330, 114227
7978, 0, 1, 24, 24, 3, 10.55%, 0, 0, 2, 0.04, 343, 114228
8444, 0, 1, 25, 25, 3, 10.55%, 0, 0, 2, 0.04, 356, 114247
8980, 0, 1, 26, 26, 3, 10.56%, 0, 0, 2, 0.04, 369, 114365
9345, 0, 1, 27, 27, 3, 10.56%, 0, 0, 2, 0.04, 382, 114365
9793, 0, 1, 28, 28, 3, 10.57%, 0, 0, 2, 0.04, 395, 114408
10086, 0, 1, 29, 29, 3, 10.57%, 0, 0, 2, 0.04, 408, 114408
10283, 0, 1, 30, 30, 3, 10.57%, 0, 0, 2, 0.04, 421, 114412
10668, 0, 1, 31, 31, 3, 10.57%, 0, 0, 2, 0.04, 434, 114412
10887, 0, 1, 32, 32, 3, 10.57%, 0, 0, 2, 0.04, 447, 114412
11115, 0, 1, 33, 33, 3, 10.57%, 0, 0, 2, 0.04, 460, 114412
11374, 0, 1, 34, 34, 3, 10.57%, 0, 0, 2, 0.04, 473, 114412
11763, 0, 1, 35, 35, 3, 10.57%, 0, 0, 2, 0.04, 486, 114412
12098, 0, 1, 36, 36, 3, 10.57%, 0, 0, 2, 0.04, 499, 114412
12399, 0, 1, 37, 37, 3, 10.57%, 0, 0, 2, 0.04, 512, 114412
12691, 0, 1, 38, 38, 3, 10.57%, 0, 0, 2, 0.04, 525, 114412
13111, 0, 1, 39, 39, 3, 10.57%, 0, 0, 2, 0.04, 538, 114412
13507, 0, 1, 40, 40, 3, 10.74%, 0, 0, 2, 0.04, 551, 116291
13783, 0, 1, 41, 41, 3, 10.74%, 0, 0, 2, 0.04, 564, 116291
14144, 0, 1, 42, 42, 3, 10.74%, 0, 0, 2, 0.04, 577, 116295
14534, 0, 1, 43, 43, 3, 10.77%, 0, 0, 2, 0.04, 590, 116566
14880, 0, 1, 44, 44, 3, 10.77%, 0, 0, 2, 0.04, 603, 116566
15205, 0, 1, 45, 45, 3, 10.77%, 0, 0, 2, 0.04, 616, 116636
15556, 0, 1, 46, 46, 3, 10.77%, 0, 0, 2, 0.04, 629, 116636
15854, 0, 1, 47, 47, 3, 10.77%, 0, 0, 2, 0.04, 642, 116636
16330, 0, 1, 48, 48, 3, 11.15%, 0, 0, 2, 0.04, 655, 120708
16645, 0, 1, 49, 49, 3, 11.19%, 0, 0, 2, 0.04, 668, 121129
17014, 0, 1, 50, 50, 3, 11.22%, 0, 0, 2, 0.04, 681, 121506
17285, 0, 1, 51, 51, 3, 11.22%, 0, 0, 2, 0.04, 694, 121506
17812, 0, 1, 52, 52, 3, 11.38%, 0, 0, 2, 0.04, 707, 123158
18180, 0, 1, 53, 53, 3, 11.38%, 0, 0, 2, 0.04, 720, 123163
18643, 0, 1, 54, 54, 3, 11.40%, 0, 0, 2, 0.04, 733, 123360
19151, 0, 1, 55, 55, 3, 11.40%, 0, 0, 2, 0.04, 746, 123360
19571, 0, 1, 56, 56, 3, 11.40%, 0, 0, 2, 0.04, 759, 123360
20023, 0, 1, 57, 57, 3, 11.40%, 0, 0, 2, 0.04, 772, 123360
20635, 0, 1, 58, 58, 3, 11.40%, 0, 0, 2, 0.04, 785, 123369
20931, 0, 1, 59, 59, 3, 11.40%, 0, 0, 2, 0.04, 798, 123369
21234, 0, 1, 60, 60, 3, 11.40%, 0, 0, 2, 0.04, 811, 123370
21674, 0, 1, 61, 61, 3, 11.40%, 0, 0, 2, 0.04, 824, 123370
22042, 0, 1, 62, 62, 3, 11.40%, 0, 0, 2, 0.04, 837, 123370
22398, 0, 1, 63, 63, 3, 11.40%, 0, 0, 2, 0.04, 850, 123370
22749, 0, 1, 64, 64, 3, 11.40%, 0, 0, 2, 0.04, 863, 123370
23004, 0, 1, 65, 65, 3, 11.40%, 0, 0, 2, 0.04, 876, 123370
23441, 0, 1, 66, 66, 3, 11.40%, 0, 0, 2, 0.04, 889, 123370
23871, 0, 1, 67, 67, 3, 11.40%, 0, 0, 2, 0.04, 902, 123370
24421, 0, 1, 68, 68, 3, 11.40%, 0, 0, 2, 0.04, 915, 123370
24886, 0, 1, 69, 69, 3, 11.40%, 0, 0, 2, 0.03, 928, 123370
25285, 0, 1, 70, 70, 3, 11.40%, 0, 0, 2, 0.03, 941, 123370
25332, 0, 1, 70, 70, 3, 11.40%, 0, 0, 2, 0.03, 942, 123370
25366, 0, 1, 70, 70, 3, 11.40%, 0, 0, 2, 0.03, 943, 123370
25395, 0, 1, 70, 70, 3, 11.40%, 0, 0, 2, 0.03, 944, 123370
25939, 0, 1, 71, 71, 3, 11.44%, 0, 0, 2, 0.03, 957, 123811
26442, 0, 1, 72, 72, 3, 11.44%, 0, 0, 2, 0.03, 970, 123827
26975, 0, 1, 73, 73, 3, 11.52%, 0, 0, 2, 0.03, 983, 124679
27002, 0, 1, 73, 73, 3, 11.52%, 0, 0, 2, 0.03, 984, 124679
27036, 0, 1, 73, 73, 3, 11.52%, 0, 0, 2, 0.03, 985, 124679
27064, 0, 1, 73, 73, 3, 11.52%, 0, 0, 2, 0.03, 986, 124679
27446, 0, 1, 74, 74, 3, 11.52%, 0, 0, 2, 0.03, 999, 124679
27748, 0, 1, 75, 75, 3, 11.52%, 0, 0, 2, 0.03, 1012, 124686
27770, 0, 1, 75, 75, 3, 11.52%, 0, 0, 2, 0.03, 1013, 124686
28377, 0, 1, 76, 76, 3, 11.52%, 0, 0, 2, 0.03, 1026, 124689
28827, 0, 1, 77, 77, 3, 11.97%, 0, 0, 2, 0.03, 1039, 129523
28854, 0, 1, 77, 77, 3, 11.97%, 0, 0, 2, 0.03, 1040, 129523
28889, 0, 1, 77, 77, 3, 11.97%, 0, 0, 2, 0.03, 1041, 129523
29347, 0, 1, 78, 78, 3, 11.99%, 0, 0, 2, 0.03, 1054, 129765
29746, 0, 1, 79, 79, 3, 11.99%, 0, 0, 2, 0.03, 1067, 129784
29780, 0, 1, 79, 79, 3, 11.99%, 0, 0, 2, 0.03, 1068, 129784
30505, 0, 1, 80, 80, 3, 12.01%, 0, 0, 2, 0.03, 1081, 130006
31627, 0, 1, 81, 81, 3, 12.01%, 0, 0, 2, 0.03, 1094, 130013
31654, 0, 1, 81, 81, 3, 12.01%, 0, 0, 2, 0.03, 1095, 130013
32056, 0, 1, 82, 82, 3, 12.03%, 0, 0, 2, 0.03, 1108, 130267
32084, 0, 1, 82, 82, 3, 12.03%, 0, 0, 2, 0.03, 1109, 130267
32111, 0, 1, 82, 82, 3, 12.03%, 0, 0, 2, 0.03, 1110, 130267
32138, 0, 1, 82, 82, 3, 12.03%, 0, 0, 2, 0.03, 1111, 130267
32702, 0, 1, 83, 83, 3, 12.03%, 0, 0, 2, 0.03, 1124, 130268
32730, 0, 1, 83, 83, 3, 12.03%, 0, 0, 2, 0.03, 1125, 130268
32764, 0, 1, 83, 83, 3, 12.03%, 0, 0, 2, 0.03, 1126, 130268
32785, 0, 1, 83, 83, 3, 12.03%, 0, 0, 2, 0.03, 1127, 130268
32813, 0, 1, 83, 83, 3, 12.03%, 0, 0, 2, 0.03, 1128, 130268
33202, 0, 1, 84, 84, 3, 12.03%, 0, 0, 2, 0.03, 1141, 130270
33232, 0, 1, 84, 84, 3, 12.03%, 0, 0, 2, 0.03, 1142, 130270
33530, 0, 1, 85, 85, 3, 12.03%, 0, 0, 2, 0.03, 1155, 130277
34171, 0, 1, 86, 86, 3, 12.04%, 0, 0, 2, 0.03, 1168, 130304
34509, 0, 1, 87, 87, 3, 12.04%, 0, 0, 2, 0.03, 1181, 130304
34898, 0, 1, 88, 88, 3, 12.04%, 0, 0, 2, 0.03, 1194, 130305
34926, 0, 1, 88, 88, 3, 12.04%, 0, 0, 2, 0.03, 1195, 130305
34959, 0, 1, 88, 88, 3, 12.04%, 0, 0, 2, 0.03, 1196, 130305
34988, 0, 1, 88, 88, 3, 12.04%, 0, 0, 2, 0.03, 1197, 130305
35031, 0, 1, 88, 88, 3, 12.04%, 0, 0, 2, 0.03, 1198, 130305
35068, 0, 1, 88, 88, 3, 12.04%, 0, 0, 2, 0.03, 1199, 130305
35097, 0, 1, 88, 88, 3, 12.04%, 0, 0, 2, 0.03, 1200, 130305
35125, 0, 1, 88, 88, 3, 12.04%, 0, 0, 2, 0.03, 1201, 130305
35153, 0, 1, 88, 88, 3, 12.04%, 0, 0, 2, 0.03, 1202, 130305
35176, 0, 1, 88, 88, 3, 12.04%, 0, 0, 2, 0.03, 1203, 130305
35208, 0, 1, 88, 88, 3, 12.04%, 0, 0, 2, 0.03, 1204, 130305
35588, 0, 1, 89, 89, 3, 12.04%, 0, 0, 2, 0.03, 1217, 130309
35618, 0, 1, 89, 89, 3, 12.04%, 0, 0, 2, 0.03, 1218, 130309
35958, 0, 1, 90, 90, 3, 12.04%, 0, 0, 2, 0.03, 1231, 130309
35984, 0, 1, 90, 90, 3, 12.04%, 0, 0, 2, 0.03, 1232, 130309
36013, 0, 1, 90, 90, 3, 12.04%, 0, 0, 2, 0.03, 1233, 130309
36048, 0, 1, 90, 90, 3, 12.04%, 0, 0, 2, 0.03, 1234, 130309
36075, 0, 1, 90, 90, 3, 12.04%, 0, 0, 2, 0.03, 1235, 130309
36103, 0, 1, 90, 90, 3, 12.04%, 0, 0, 2, 0.03, 1236, 130309
36408, 0, 1, 91, 91, 3, 12.04%, 0, 0, 2, 0.03, 1249, 130310
36437, 0, 1, 91, 91, 3, 12.04%, 0, 0, 2, 0.03, 1250, 130310
36472, 0, 1, 91, 91, 3, 12.04%, 0, 0, 2, 0.03, 1251, 130310
36503, 0, 1, 91, 91, 3, 12.04%, 0, 0, 2, 0.03, 1252, 130310
36528, 0, 1, 91, 91, 3, 12.04%, 0, 0, 2, 0.03, 1253, 130310
37088, 0, 1, 92, 92, 3, 12.04%, 0, 0, 2, 0.03, 1266, 130310
37379, 0, 1, 93, 93, 3, 12.04%, 0, 0, 2, 0.03, 1279, 130313
37811, 0, 1, 94, 94, 3, 12.04%, 0, 0, 2, 0.03, 1292, 130329
37835, 0, 1, 94, 94, 3, 12.04%, 0, 0, 2, 0.03, 1293, 130329
37864, 0, 1, 94, 94, 3, 12.04%, 0, 0, 2, 0.03, 1294, 130329
37898, 0, 1, 94, 94, 3, 12.04%, 0, 0, 2, 0.03, 1295, 130329
37926, 0, 1, 94, 94, 3, 12.04%, 0, 0, 2, 0.03, 1296, 130329
37955, 0, 1, 94, 94, 3, 12.04%, 0, 0, 2, 0.03, 1297, 130329
37978, 0, 1, 94, 94, 3, 12.04%, 0, 0, 2, 0.03, 1298, 130329
38007, 0, 1, 94, 94, 3, 12.04%, 0, 0, 2, 0.03, 1299, 130329
38043, 0, 1, 94, 94, 3, 12.04%, 0, 0, 2, 0.03, 1300, 130329
38065, 0, 1, 94, 94, 3, 12.04%, 0, 0, 2, 0.04, 1301, 130329
38094, 0, 1, 94, 94, 3, 12.04%, 0, 0, 2, 0.04, 1302, 130329
38132, 0, 1, 94, 94, 3, 12.04%, 0, 0, 2, 0.03, 1303, 130329
38160, 0, 1, 94, 94, 3, 12.04%, 0, 0, 2, 0.03, 1304, 130329
38182, 0, 1, 94, 94, 3, 12.04%, 0, 0, 2, 0.04, 1305, 130329
38214, 0, 1, 94, 94, 3, 12.04%, 0, 0, 2, 0.04, 1306, 130329
38239, 0, 1, 94, 94, 3, 12.04%, 0, 0, 2, 0.04, 1307, 130329
38263, 0, 1, 94, 94, 3, 12.04%, 0, 0, 2, 0.04, 1308, 130329
38864, 0, 1, 95, 95, 3, 12.06%, 0, 0, 2, 0.03, 1321, 130539
39305, 0, 1, 96, 96, 3, 12.07%, 0, 0, 2, 0.03, 1334, 130702
39838, 0, 1, 97, 97, 3, 12.07%, 0, 0, 2, 0.03, 1347, 130702
39865, 0, 1, 97, 97, 3, 12.07%, 0, 0, 2, 0.03, 1348, 130702
39899, 0, 1, 97, 97, 3, 12.07%, 0, 0, 2, 0.03, 1349, 130702
39927, 0, 1, 97, 97, 3, 12.07%, 0, 0, 2, 0.03, 1350, 130702
40214, 0, 1, 98, 98, 3, 12.07%, 0, 0, 2, 0.03, 1363, 130702
40242, 0, 1, 98, 98, 3, 12.07%, 0, 0, 2, 0.03, 1364, 130702
40549, 0, 1, 99, 99, 3, 12.08%, 0, 0, 2, 0.04, 1377, 130736
40916, 0, 1, 100, 100, 3, 12.11%, 0, 0, 2, 0.04, 1390, 131080
41515, 0, 1, 101, 101, 3, 12.11%, 0, 0, 2, 0.03, 1403, 131080
42073, 0, 1, 102, 102, 3, 12.11%, 0, 0, 2, 0.03, 1416, 131110
42101, 0, 1, 102, 102, 3, 12.11%, 0, 0, 2, 0.03, 1417, 131110
42136, 0, 1, 102, 102, 3, 12.11%, 0, 0, 2, 0.03, 1418, 131110
42159, 0, 1, 102, 102, 3, 12.11%, 0, 0, 2, 0.03, 1419, 131110
42193, 0, 1, 102, 102, 3, 12.11%, 0, 0, 2, 0.03, 1420, 131110
42224, 0, 1, 102, 102, 3, 12.11%, 0, 0, 2, 0.03, 1421, 131110
42698, 0, 1, 103, 103, 3, 12.11%, 0, 0, 2, 0.03, 1434, 131124
42726, 0, 1, 103, 103, 3, 12.11%, 0, 0, 2, 0.03, 1435, 131124
43108, 0, 1, 104, 104, 3, 12.11%, 0, 0, 2, 0.03, 1448, 131124
43136, 0, 1, 104, 104, 3, 12.11%, 0, 0, 2, 0.03, 1449, 131124
43173, 0, 1, 104, 104, 3, 12.11%, 0, 0, 2, 0.03, 1450, 131124
43633, 0, 1, 105, 105, 3, 12.11%, 0, 0, 2, 0.03, 1463, 131124
44008, 0, 1, 106, 106, 3, 12.11%, 0, 0, 2, 0.03, 1476, 131124
44040, 0, 1, 106, 106, 3, 12.11%, 0, 0, 2, 0.03, 1477, 131124
44483, 0, 1, 107, 107, 3, 12.11%, 0, 0, 2, 0.03, 1490, 131131
44518, 0, 1, 107, 107, 3, 12.11%, 0, 0, 2, 0.03, 1491, 131131
44539, 0, 1, 107, 107, 3, 12.11%, 0, 0, 2, 0.03, 1492, 131131
44573, 0, 1, 107, 107, 3, 12.11%, 0, 0, 2, 0.03, 1493, 131131
45074, 0, 1, 108, 108, 3, 12.11%, 0, 0, 2, 0.03, 1506, 131133
45099, 0, 1, 108, 108, 3, 12.11%, 0, 0, 2, 0.03, 1507, 131133
45569, 0, 1, 109, 109, 3, 12.11%, 0, 0, 2, 0.03, 1520, 131133
45602, 0, 1, 109, 109, 3, 12.11%, 0, 0, 2, 0.03, 1521, 131133
45631, 0, 1, 109, 109, 3, 12.11%, 0, 0, 2, 0.03, 1522, 131133
45665, 0, 1, 109, 109, 3, 12.11%, 0, 0, 2, 0.03, 1523, 131133
45694, 0, 1, 109, 109, 3, 12.11%, 0, 0, 2, 0.03, 1524, 131133
46081, 0, 1, 110, 110, 3, 12.12%, 0, 0, 2, 0.03, 1537, 131163
46109, 0, 1, 110, 110, 3, 12.12%, 0, 0, 2, 0.03, 1538, 131163
46136, 0, 1, 110, 110, 3, 12.12%, 0, 0, 2, 0.03, 1539, 131163
46160, 0, 1, 110, 110, 3, 12.12%, 0, 0, 2, 0.03, 1540, 131163
46183, 0, 1, 110, 110, 3, 12.12%, 0, 0, 2, 0.03, 1541, 131163
46215, 0, 1, 110, 110, 3, 12.12%, 0, 0, 2, 0.03, 1542, 131163
46249, 0, 1, 110, 110, 3, 12.12%, 0, 0, 2, 0.03, 1543, 131163
46529, 0, 1, 111, 111, 3, 12.12%, 0, 0, 2, 0.03, 1556, 131163
46556, 0, 1, 111, 111, 3, 12.12%, 0, 0, 2, 0.03, 1557, 131163
47011, 0, 1, 112, 112, 3, 12.12%, 0, 0, 2, 0.03, 1570, 131163
47036, 0, 1, 112, 112, 3, 12.12%, 0, 0, 2, 0.03, 1571, 131163
47362, 0, 1, 113, 113, 3, 12.12%, 0, 0, 2, 0.04, 1584, 131194
47793, 0, 1, 114, 114, 3, 12.12%, 0, 0, 2, 0.03, 1597, 131196
47819, 0, 1, 114, 114, 3, 12.12%, 0, 0, 2, 0.03, 1598, 131196
47845, 0, 1, 114, 114, 3, 12.12%, 0, 0, 2, 0.04, 1599, 131196
48355, 0, 1, 115, 115, 3, 12.12%, 0, 0, 2, 0.03, 1612, 131198
48383, 0, 1, 115, 115, 3, 12.12%, 0, 0, 2, 0.03, 1613, 131198
48405, 0, 1, 115, 115, 3, 12.12%, 0, 0, 2, 0.04, 1614, 131198
48430, 0, 1, 115, 115, 3, 12.12%, 0, 0, 2, 0.04, 1615, 131198
48456, 0, 1, 115, 115, 3, 12.12%, 0, 0, 2, 0.04, 1616, 131198
48477, 0, 1, 115, 115, 3, 12.12%, 0, 0, 2, 0.04, 1617, 131198
48504, 0, 1, 115, 115, 3, 12.12%, 0, 0, 2, 0.04, 1618, 131198
48856, 0, 1, 116, 116, 3, 12.12%, 0, 0, 2, 0.04, 1631, 131198
48881, 0, 1, 116, 116, 3, 12.12%, 0, 0, 2, 0.04, 1632, 131198
49222, 0, 1, 117, 117, 3, 12.12%, 0, 0, 2, 0.04, 1645, 131221
49248, 0, 1, 117, 117, 3, 12.12%, 0, 0, 2, 0.04, 1646, 131221
49270, 0, 1, 117, 117, 3, 12.12%, 0, 0, 2, 0.04, 1647, 131221
49293, 0, 1, 117, 117, 3, 12.12%, 0, 0, 2, 0.04, 1648, 131221
49780, 0, 1, 118, 118, 3, 12.12%, 0, 0, 2, 0.04, 1661, 131221
49819, 0, 1, 118, 118, 3, 12.12%, 0, 0, 2, 0.04, 1662, 131221
50028, 0, 1, 119, 119, 3, 12.33%, 0, 0, 2, 0.00, 1667, 133423
