# relative_time, cycles_done, cur_item, corpus_count, pending_total, pending_favs, map_size, saved_crashes, saved_hangs, max_depth, execs_per_sec, total_execs, edges_found
66, 0, 2, 3, 3, 3, 10.23%, 0, 0, 1, 0.05, 39, 110764
87, 0, 2, 3, 3, 3, 10.23%, 0, 0, 1, 0.05, 40, 110764
107, 0, 2, 3, 3, 3, 10.23%, 0, 0, 1, 0.05, 41, 110764
128, 0, 2, 3, 3, 3, 10.23%, 0, 0, 1, 0.05, 42, 110764
148, 0, 2, 3, 3, 3, 10.23%, 0, 0, 1, 0.05, 43, 110764
168, 0, 2, 3, 3, 3, 10.23%, 0, 0, 1, 0.05, 44, 110764
188, 0, 2, 3, 3, 3, 10.23%, 0, 0, 1, 0.05, 45, 110764
209, 0, 2, 3, 3, 3, 10.23%, 0, 0, 1, 0.05, 46, 110764
229, 0, 2, 3, 3, 3, 10.23%, 0, 0, 1, 0.05, 47, 110764
255, 0, 2, 3, 3, 3, 10.23%, 0, 0, 1, 0.05, 48, 110764
281, 0, 2, 3, 3, 3, 10.23%, 0, 0, 1, 0.05, 49, 110764
307, 0, 2, 3, 3, 3, 10.23%, 0, 0, 1, 0.05, 50, 110764
334, 0, 2, 3, 3, 3, 10.23%, 0, 0, 1, 0.05, 51, 110764
361, 0, 2, 3, 3, 3, 10.23%, 0, 0, 1, 0.05, 52, 110764
388, 0, 2, 3, 3, 3, 10.23%, 0, 0, 1, 0.05, 53, 110764
414, 0, 2, 3, 3, 3, 10.23%, 0, 0, 1, 0.05, 54, 110764
434, 0, 2, 3, 3, 3, 10.23%, 0, 0, 1, 0.05, 55, 110764
454, 0, 2, 3, 3, 3, 10.23%, 0, 0, 1, 0.05, 56, 110764
475, 0, 2, 3, 3, 3, 10.23%, 0, 0, 1, 0.05, 57, 110764
495, 0, 2, 3, 3, 3, 10.23%, 0, 0, 1, 0.05, 58, 110764
516, 0, 2, 3, 3, 3, 10.23%, 0, 0, 1, 0.05, 59, 110764
538, 0, 2, 3, 3, 3, 10.23%, 0, 0, 1, 0.05, 60, 110764
558, 0, 2, 3, 3, 3, 10.23%, 0, 0, 1, 0.05, 61, 110764
579, 0, 2, 3, 3, 3, 10.23%, 0, 0, 1, 0.05, 62, 110764
599, 0, 2, 3, 3, 3, 10.23%, 0, 0, 1, 0.05, 63, 110764
619, 0, 2, 3, 3, 3, 10.23%, 0, 0, 1, 0.05, 64, 110764
639, 0, 2, 3, 3, 3, 10.23%, 0, 0, 1, 0.05, 65, 110764
660, 0, 2, 3, 3, 3, 10.23%, 0, 0, 1, 0.05, 66, 110764
680, 0, 2, 3, 3, 3, 10.23%, 0, 0, 1, 0.05, 67, 110764
701, 0, 2, 3, 3, 3, 10.23%, 0, 0, 1, 0.05, 68, 110764
722, 0, 2, 3, 3, 3, 10.23%, 0, 0, 1, 0.05, 69, 110764
742, 0, 2, 3, 3, 3, 10.23%, 0, 0, 1, 0.05, 70, 110764
762, 0, 2, 3, 3, 3, 10.23%, 0, 0, 1, 0.05, 71, 110764
1032, 0, 2, 4, 4, 3, 10.24%, 0, 0, 2, 0.05, 84, 110814
1304, 0, 2, 5, 5, 3, 10.24%, 0, 0, 2, 0.05, 97, 110816
1324, 0, 2, 5, 5, 3, 10.24%, 0, 0, 2, 0.05, 98, 110816
1346, 0, 2, 5, 5, 3, 10.24%, 0, 0, 2, 0.05, 99, 110816
1366, 0, 2, 5, 5, 3, 10.24%, 0, 0, 2, 0.05, 100, 110816
1636, 0, 2, 6, 6, 3, 10.24%, 0, 0, 2, 0.05, 113, 110816
1904, 0, 2, 7, 7, 3, 10.24%, 0, 0, 2, 0.05, 126, 110816
2172, 0, 2, 8, 8, 3, 10.24%, 0, 0, 2, 0.05, 139, 110816
2193, 0, 2, 8, 8, 3, 10.24%, 0, 0, 2, 0.05, 140, 110816
2462, 0, 2, 9, 9, 3, 10.26%, 0, 0, 2, 0.05, 153, 111023
2731, 0, 2, 10, 10, 3, 10.26%, 0, 0, 2, 0.05, 166, 111023
2753, 0, 2, 10, 10, 3, 10.26%, 0, 0, 2, 0.05, 167, 111023
2774, 0, 2, 10, 10, 3, 10.26%, 0, 0, 2, 0.05, 168, 111023
2796, 0, 2, 10, 10, 3, 10.26%, 0, 0, 2, 0.05, 169, 111023
2816, 0, 2, 10, 10, 3, 10.26%, 0, 0, 2, 0.05, 170, 111023
3087, 0, 2, 11, 11, 3, 10.26%, 0, 0, 2, 0.05, 183, 111030
3107, 0, 2, 11, 11, 3, 10.26%, 0, 0, 2, 0.05, 184, 111030
3407, 0, 2, 12, 12, 3, 10.26%, 0, 0, 2, 0.05, 197, 111060
3428, 0, 2, 12, 12, 3, 10.26%, 0, 0, 2, 0.05, 198, 111060
3449, 0, 2, 12, 12, 3, 10.26%, 0, 0, 2, 0.05, 199, 111060
3722, 0, 2, 13, 13, 3, 10.26%, 0, 0, 2, 0.05, 212, 111060
3995, 0, 2, 14, 14, 3, 10.26%, 0, 0, 2, 0.05, 225, 111063
4247, 0, 2, 15, 15, 3, 10.26%, 0, 0, 2, 0.05, 238, 111065
4517, 0, 2, 16, 16, 3, 10.26%, 0, 0, 2, 0.05, 251, 111065
4791, 0, 2, 17, 17, 3, 10.26%, 0, 0, 2, 0.05, 264, 111116
5077, 0, 2, 18, 18, 3, 10.26%, 0, 0, 2, 0.05, 277, 111116
5347, 0, 2, 19, 19, 3, 10.26%, 0, 0, 2, 0.05, 290, 111116
5621, 0, 2, 20, 20, 3, 10.26%, 0, 0, 2, 0.05, 303, 111118
5894, 0, 2, 21, 21, 3, 10.26%, 0, 0, 2, 0.05, 316, 111118
6299, 0, 2, 22, 22, 3, 10.30%, 0, 0, 2, 0.05, 329, 111446
6671, 0, 2, 23, 23, 3, 10.30%, 0, 0, 2, 0.05, 342, 111446
6949, 0, 2, 24, 24, 3, 10.30%, 0, 0, 2, 0.05, 355, 111446
6970, 0, 2, 24, 24, 3, 10.30%, 0, 0, 2, 0.05, 356, 111446
6992, 0, 2, 24, 24, 3, 10.30%, 0, 0, 2, 0.05, 357, 111446
7012, 0, 2, 24, 24, 3, 10.30%, 0, 0, 2, 0.05, 358, 111446
7033, 0, 2, 24, 24, 3, 10.30%, 0, 0, 2, 0.05, 359, 111446
7303, 0, 2, 25, 25, 3, 10.30%, 0, 0, 2, 0.05, 372, 111446
7324, 0, 2, 25, 25, 3, 10.30%, 0, 0, 2, 0.05, 373, 111446
7344, 0, 2, 25, 25, 3, 10.30%, 0, 0, 2, 0.05, 374, 111446
7365, 0, 2, 25, 25, 3, 10.30%, 0, 0, 2, 0.05, 375, 111446
7386, 0, 2, 25, 25, 3, 10.30%, 0, 0, 2, 0.05, 376, 111446
7660, 0, 2, 26, 26, 3, 10.30%, 0, 0, 2, 0.05, 389, 111448
7931, 0, 2, 27, 27, 3, 10.30%, 0, 0, 2, 0.05, 402, 111452
8203, 0, 2, 28, 28, 3, 10.30%, 0, 0, 2, 0.05, 415, 111453
8225, 0, 2, 28, 28, 3, 10.30%, 0, 0, 2, 0.05, 416, 111453
8499, 0, 2, 29, 29, 3, 10.30%, 0, 0, 2, 0.05, 429, 111454
8520, 0, 2, 29, 29, 3, 10.30%, 0, 0, 2, 0.05, 430, 111454
8541, 0, 2, 29, 29, 3, 10.30%, 0, 0, 2, 0.05, 431, 111454
8562, 0, 2, 29, 29, 3, 10.30%, 0, 0, 2, 0.05, 432, 111454
8839, 0, 2, 30, 30, 3, 10.30%, 0, 0, 2, 0.05, 445, 111454
8860, 0, 2, 30, 30, 3, 10.30%, 0, 0, 2, 0.05, 446, 111454
8882, 0, 2, 30, 30, 3, 10.30%, 0, 0, 2, 0.05, 447, 111454
8903, 0, 2, 30, 30, 3, 10.30%, 0, 0, 2, 0.05, 448, 111454
8925, 0, 2, 30, 30, 3, 10.30%, 0, 0, 2, 0.05, 449, 111454
8947, 0, 2, 30, 30, 3, 10.30%, 0, 0, 2, 0.05, 450, 111454
9222, 0, 2, 31, 31, 3, 10.30%, 0, 0, 2, 0.05, 463, 111454
9244, 0, 2, 31, 31, 3, 10.30%, 0, 0, 2, 0.05, 464, 111454
9265, 0, 2, 31, 31, 3, 10.30%, 0, 0, 2, 0.05, 465, 111454
9287, 0, 2, 31, 31, 3, 10.30%, 0, 0, 2, 0.05, 466, 111454
9308, 0, 2, 31, 31, 3, 10.30%, 0, 0, 2, 0.05, 467, 111454
9330, 0, 2, 31, 31, 3, 10.30%, 0, 0, 2, 0.05, 468, 111454
9352, 0, 2, 31, 31, 3, 10.30%, 0, 0, 2, 0.05, 469, 111454
9373, 0, 2, 31, 31, 3, 10.30%, 0, 0, 2, 0.05, 470, 111454
9395, 0, 2, 31, 31, 3, 10.30%, 0, 0, 2, 0.05, 471, 111454
9672, 0, 2, 32, 32, 3, 10.30%, 0, 0, 2, 0.05, 484, 111455
9949, 0, 2, 33, 33, 3, 10.30%, 0, 0, 2, 0.05, 497, 111455
9970, 0, 2, 33, 33, 3, 10.30%, 0, 0, 2, 0.05, 498, 111455
9992, 0, 2, 33, 33, 3, 10.30%, 0, 0, 2, 0.05, 499, 111455
10269, 0, 2, 34, 34, 3, 10.30%, 0, 0, 2, 0.05, 512, 111455
10569, 0, 2, 35, 35, 3, 10.30%, 0, 0, 2, 0.05, 525, 111455
10591, 0, 2, 35, 35, 3, 10.30%, 0, 0, 2, 0.05, 526, 111455
10869, 0, 2, 36, 36, 3, 10.30%, 0, 0, 2, 0.05, 539, 111455
11155, 0, 2, 37, 37, 3, 10.30%, 0, 0, 2, 0.05, 552, 111464
11176, 0, 2, 37, 37, 3, 10.30%, 0, 0, 2, 0.05, 553, 111464
11197, 0, 2, 37, 37, 3, 10.30%, 0, 0, 2, 0.05, 554, 111464
11218, 0, 2, 37, 37, 3, 10.30%, 0, 0, 2, 0.05, 555, 111464
11520, 0, 2, 38, 38, 3, 10.30%, 0, 0, 2, 0.05, 568, 111464
11813, 0, 2, 39, 39, 3, 10.30%, 0, 0, 2, 0.05, 581, 111464
12093, 0, 2, 40, 40, 3, 10.30%, 0, 0, 2, 0.05, 594, 111464
12449, 0, 2, 41, 41, 3, 10.30%, 0, 0, 2, 0.05, 607, 111464
12721, 0, 2, 42, 42, 3, 10.30%, 0, 0, 2, 0.05, 620, 111464
12743, 0, 2, 42, 42, 3, 10.30%, 0, 0, 2, 0.05, 621, 111464
12764, 0, 2, 42, 42, 3, 10.30%, 0, 0, 2, 0.05, 622, 111464
13047, 0, 2, 43, 43, 3, 10.30%, 0, 0, 2, 0.05, 635, 111475
13069, 0, 2, 43, 43, 3, 10.30%, 0, 0, 2, 0.05, 636, 111475
13090, 0, 2, 43, 43, 3, 10.30%, 0, 0, 2, 0.05, 637, 111475
13367, 0, 2, 44, 44, 3, 10.30%, 0, 0, 2, 0.05, 650, 111514
13387, 0, 2, 44, 44, 3, 10.30%, 0, 0, 2, 0.05, 651, 111514
13408, 0, 2, 44, 44, 3, 10.30%, 0, 0, 2, 0.05, 652, 111514
13713, 0, 2, 45, 45, 3, 10.30%, 0, 0, 2, 0.05, 665, 111516
13995, 0, 2, 46, 46, 3, 10.30%, 0, 0, 2, 0.05, 678, 111516
14301, 0, 2, 47, 47, 3, 10.30%, 0, 0, 2, 0.05, 691, 111516
14537, 0, 2, 48, 48, 3, 10.30%, 0, 0, 2, 0.05, 704, 111516
14559, 0, 2, 48, 48, 3, 10.30%, 0, 0, 2, 0.05, 705, 111516
14581, 0, 2, 48, 48, 3, 10.30%, 0, 0, 2, 0.05, 706, 111516
14881, 0, 2, 49, 49, 3, 10.30%, 0, 0, 2, 0.05, 719, 111516
15164, 0, 2, 50, 50, 3, 10.30%, 0, 0, 2, 0.05, 732, 111516
15186, 0, 2, 50, 50, 3, 10.30%, 0, 0, 2, 0.05, 733, 111516
15602, 0, 2, 51, 51, 3, 10.37%, 0, 0, 2, 0.05, 746, 112303
15624, 0, 2, 51, 51, 3, 10.37%, 0, 0, 2, 0.05, 747, 112303
15909, 0, 2, 52, 52, 3, 10.37%, 0, 0, 2, 0.05, 760, 112303
15931, 0, 2, 52, 52, 3, 10.37%, 0, 0, 2, 0.05, 761, 112303
15954, 0, 2, 52, 52, 3, 10.37%, 0, 0, 2, 0.05, 762, 112303
16239, 0, 2, 53, 53, 3, 10.37%, 0, 0, 2, 0.05, 775, 112310
16528, 0, 2, 54, 54, 3, 10.50%, 0, 0, 2, 0.05, 788, 113671
16550, 0, 2, 54, 54, 3, 10.50%, 0, 0, 2, 0.05, 789, 113671
16573, 0, 2, 54, 54, 3, 10.50%, 0, 0, 2, 0.05, 790, 113671
16836, 0, 2, 55, 55, 3, 10.50%, 0, 0, 2, 0.05, 803, 113671
17119, 0, 2, 56, 56, 3, 10.50%, 0, 0, 2, 0.05, 816, 113671
17423, 0, 2, 57, 57, 3, 10.50%, 0, 0, 2, 0.05, 829, 113671
17445, 0, 2, 57, 57, 3, 10.50%, 0, 0, 2, 0.05, 830, 113671
17467, 0, 2, 57, 57, 3, 10.50%, 0, 0, 2, 0.05, 831, 113671
17490, 0, 2, 57, 57, 3, 10.50%, 0, 0, 2, 0.05, 832, 113671
17511, 0, 2, 57, 57, 3, 10.50%, 0, 0, 2, 0.05, 833, 113671
17533, 0, 2, 57, 57, 3, 10.50%, 0, 0, 2, 0.05, 834, 113671
17902, 0, 2, 58, 58, 3, 10.50%, 0, 0, 2, 0.04, 847, 113671
17924, 0, 2, 58, 58, 3, 10.50%, 0, 0, 2, 0.04, 848, 113671
17946, 0, 2, 58, 58, 3, 10.50%, 0, 0, 2, 0.04, 849, 113671
17967, 0, 2, 58, 58, 3, 10.50%, 0, 0, 2, 0.04, 850, 113671
17989, 0, 2, 58, 58, 3, 10.50%, 0, 0, 2, 0.04, 851, 113671
18250, 0, 2, 59, 59, 3, 10.50%, 0, 0, 2, 0.05, 864, 113671
18272, 0, 2, 59, 59, 3, 10.50%, 0, 0, 2, 0.05, 865, 113671
18727, 0, 2, 60, 60, 3, 10.50%, 0, 0, 2, 0.04, 878, 113709
18749, 0, 2, 60, 60, 3, 10.50%, 0, 0, 2, 0.04, 879, 113709
18771, 0, 2, 60, 60, 3, 10.50%, 0, 0, 2, 0.04, 880, 113709
18792, 0, 2, 60, 60, 3, 10.50%, 0, 0, 2, 0.04, 881, 113709
18814, 0, 2, 60, 60, 3, 10.50%, 0, 0, 2, 0.04, 882, 113709
18837, 0, 2, 60, 60, 3, 10.50%, 0, 0, 2, 0.04, 883, 113709
18864, 0, 2, 60, 60, 3, 10.50%, 0, 0, 2, 0.04, 884, 113709
18886, 0, 2, 60, 60, 3, 10.50%, 0, 0, 2, 0.04, 885, 113709
19171, 0, 2, 61, 61, 3, 10.50%, 0, 0, 2, 0.04, 898, 113712
19434, 0, 2, 62, 62, 3, 10.50%, 0, 0, 2, 0.04, 911, 113712
19457, 0, 2, 62, 62, 3, 10.50%, 0, 0, 2, 0.04, 912, 113712
19746, 0, 2, 63, 63, 3, 10.50%, 0, 0, 2, 0.04, 925, 113712
19769, 0, 2, 63, 63, 3, 10.50%, 0, 0, 2, 0.04, 926, 113712
20059, 0, 2, 64, 64, 3, 10.50%, 0, 0, 2, 0.04, 939, 113713
20081, 0, 2, 64, 64, 3, 10.50%, 0, 0, 2, 0.04, 940, 113713
20468, 0, 2, 65, 65, 3, 10.51%, 0, 0, 2, 0.04, 953, 113724
20491, 0, 2, 65, 65, 3, 10.51%, 0, 0, 2, 0.04, 954, 113724
20849, 0, 2, 66, 66, 3, 10.51%, 0, 0, 2, 0.04, 967, 113724
20872, 0, 2, 66, 66, 3, 10.51%, 0, 0, 2, 0.04, 968, 113724
20894, 0, 2, 66, 66, 3, 10.51%, 0, 0, 2, 0.04, 969, 113724
21182, 0, 2, 67, 67, 3, 10.51%, 0, 0, 2, 0.04, 982, 113724
21205, 0, 2, 67, 67, 3, 10.51%, 0, 0, 2, 0.04, 983, 113724
21227, 0, 2, 67, 67, 3, 10.51%, 0, 0, 2, 0.04, 984, 113724
21250, 0, 2, 67, 67, 3, 10.51%, 0, 0, 2, 0.04, 985, 113724
21272, 0, 2, 67, 67, 3, 10.51%, 0, 0, 2, 0.04, 986, 113724
21300, 0, 2, 67, 67, 3, 10.51%, 0, 0, 2, 0.04, 987, 113724
21322, 0, 2, 67, 67, 3, 10.51%, 0, 0, 2, 0.04, 988, 113724
21641, 0, 2, 68, 68, 3, 10.51%, 0, 0, 2, 0.04, 1001, 113724
21664, 0, 2, 68, 68, 3, 10.51%, 0, 0, 2, 0.04, 1002, 113724
21686, 0, 2, 68, 68, 3, 10.51%, 0, 0, 2, 0.04, 1003, 113724
21709, 0, 2, 68, 68, 3, 10.51%, 0, 0, 2, 0.04, 1004, 113724
21731, 0, 2, 68, 68, 3, 10.51%, 0, 0, 2, 0.04, 1005, 113724
21753, 0, 2, 68, 68, 3, 10.51%, 0, 0, 2, 0.04, 1006, 113724
21775, 0, 2, 68, 68, 3, 10.51%, 0, 0, 2, 0.04, 1007, 113724
21797, 0, 2, 68, 68, 3, 10.51%, 0, 0, 2, 0.04, 1008, 113724
22118, 0, 2, 69, 69, 3, 10.51%, 0, 0, 2, 0.04, 1021, 113724
22140, 0, 2, 69, 69, 3, 10.51%, 0, 0, 2, 0.04, 1022, 113724
22454, 0, 2, 70, 70, 3, 10.74%, 0, 0, 2, 0.04, 1035, 116289
22475, 0, 2, 70, 70, 3, 10.74%, 0, 0, 2, 0.04, 1036, 116289
22499, 0, 2, 70, 70, 3, 10.74%, 0, 0, 2, 0.04, 1037, 116289
22520, 0, 2, 70, 70, 3, 10.74%, 0, 0, 2, 0.04, 1038, 116289
22901, 0, 2, 71, 71, 3, 10.74%, 0, 0, 2, 0.04, 1051, 116290
22923, 0, 2, 71, 71, 3, 10.74%, 0, 0, 2, 0.04, 1052, 116290
22944, 0, 2, 71, 71, 3, 10.74%, 0, 0, 2, 0.04, 1053, 116290
22966, 0, 2, 71, 71, 3, 10.74%, 0, 0, 2, 0.04, 1054, 116290
22990, 0, 2, 71, 71, 3, 10.74%, 0, 0, 2, 0.04, 1055, 116290
23012, 0, 2, 71, 71, 3, 10.74%, 0, 0, 2, 0.04, 1056, 116290
23035, 0, 2, 71, 71, 3, 10.74%, 0, 0, 2, 0.04, 1057, 116290
23057, 0, 2, 71, 71, 3, 10.74%, 0, 0, 2, 0.04, 1058, 116290
23080, 0, 2, 71, 71, 3, 10.74%, 0, 0, 2, 0.04, 1059, 116290
23101, 0, 2, 71, 71, 3, 10.74%, 0, 0, 2, 0.04, 1060, 116290
23122, 0, 2, 71, 71, 3, 10.74%, 0, 0, 2, 0.04, 1061, 116290
23522, 0, 2, 72, 72, 3, 10.74%, 0, 0, 2, 0.04, 1074, 116290
23847, 0, 2, 73, 73, 3, 10.75%, 0, 0, 2, 0.04, 1087, 116332
23869, 0, 2, 73, 73, 3, 10.75%, 0, 0, 2, 0.04, 1088, 116332
23891, 0, 2, 73, 73, 3, 10.75%, 0, 0, 2, 0.04, 1089, 116332
23914, 0, 2, 73, 73, 3, 10.75%, 0, 0, 2, 0.04, 1090, 116332
23939, 0, 2, 73, 73, 3, 10.75%, 0, 0, 2, 0.04, 1091, 116332
23962, 0, 2, 73, 73, 3, 10.75%, 0, 0, 2, 0.04, 1092, 116332
23984, 0, 2, 73, 73, 3, 10.75%, 0, 0, 2, 0.04, 1093, 116332
24006, 0, 2, 73, 73, 3, 10.75%, 0, 0, 2, 0.04, 1094, 116332
24312, 0, 2, 74, 74, 3, 10.75%, 0, 0, 2, 0.04, 1107, 116332
24336, 0, 2, 74, 74, 3, 10.75%, 0, 0, 2, 0.04, 1108, 116332
24358, 0, 2, 74, 74, 3, 10.75%, 0, 0, 2, 0.04, 1109, 116332
24380, 0, 2, 74, 74, 3, 10.75%, 0, 0, 2, 0.04, 1110, 116332
24858, 0, 2, 75, 75, 3, 10.75%, 0, 0, 2, 0.04, 1123, 116340
24880, 0, 2, 75, 75, 3, 10.75%, 0, 0, 2, 0.04, 1124, 116340
24903, 0, 2, 75, 75, 3, 10.75%, 0, 0, 2, 0.04, 1125, 116340
24926, 0, 2, 75, 75, 3, 10.75%, 0, 0, 2, 0.04, 1126, 116340
24949, 0, 2, 75, 75, 3, 10.75%, 0, 0, 2, 0.04, 1127, 116340
24972, 0, 2, 75, 75, 3, 10.75%, 0, 0, 2, 0.04, 1128, 116340
24995, 0, 2, 75, 75, 3, 10.75%, 0, 0, 2, 0.04, 1129, 116340
25017, 0, 2, 75, 75, 3, 10.75%, 0, 0, 2, 0.04, 1130, 116340
25040, 0, 2, 75, 75, 3, 10.75%, 0, 0, 2, 0.04, 1131, 116340
25339, 0, 2, 76, 76, 3, 10.75%, 0, 0, 2, 0.04, 1144, 116340
25367, 0, 2, 76, 76, 3, 10.75%, 0, 0, 2, 0.04, 1145, 116340
25389, 0, 2, 76, 76, 3, 10.75%, 0, 0, 2, 0.04, 1146, 116340
25680, 0, 2, 77, 77, 3, 10.75%, 0, 0, 2, 0.04, 1159, 116340
25703, 0, 2, 77, 77, 3, 10.75%, 0, 0, 2, 0.04, 1160, 116340
25726, 0, 2, 77, 77, 3, 10.75%, 0, 0, 2, 0.04, 1161, 116340
25749, 0, 2, 77, 77, 3, 10.75%, 0, 0, 2, 0.04, 1162, 116340
25772, 0, 2, 77, 77, 3, 10.75%, 0, 0, 2, 0.04, 1163, 116340
25794, 0, 2, 77, 77, 3, 10.75%, 0, 0, 2, 0.04, 1164, 116340
26189, 0, 2, 78, 78, 3, 10.75%, 0, 0, 2, 0.04, 1177, 116340
26586, 0, 2, 79, 79, 3, 10.79%, 0, 0, 2, 0.04, 1190, 116797
26608, 0, 2, 79, 79, 3, 10.79%, 0, 0, 2, 0.04, 1191, 116797
26631, 0, 2, 79, 79, 3, 10.79%, 0, 0, 2, 0.04, 1192, 116797
26654, 0, 2, 79, 79, 3, 10.79%, 0, 0, 2, 0.04, 1193, 116797
26678, 0, 2, 79, 79, 3, 10.79%, 0, 0, 2, 0.04, 1194, 116797
26700, 0, 2, 79, 79, 3, 10.79%, 0, 0, 2, 0.04, 1195, 116797
26723, 0, 2, 79, 79, 3, 10.79%, 0, 0, 2, 0.04, 1196, 116797
26746, 0, 2, 79, 79, 3, 10.79%, 0, 0, 2, 0.04, 1197, 116797
26770, 0, 2, 79, 79, 3, 10.79%, 0, 0, 2, 0.04, 1198, 116797
27075, 0, 2, 80, 80, 3, 10.79%, 0, 0, 2, 0.04, 1211, 116797
27099, 0, 2, 80, 80, 3, 10.79%, 0, 0, 2, 0.04, 1212, 116797
27412, 0, 2, 81, 81, 3, 10.79%, 0, 0, 2, 0.04, 1225, 116815
27434, 0, 2, 81, 81, 3, 10.79%, 0, 0, 2, 0.04, 1226, 116815
27458, 0, 2, 81, 81, 3, 10.79%, 0, 0, 2, 0.04, 1227, 116815
27481, 0, 2, 81, 81, 3, 10.79%, 0, 0, 2, 0.04, 1228, 116815
27503, 0, 2, 81, 81, 3, 10.79%, 0, 0, 2, 0.04, 1229, 116815
27526, 0, 2, 81, 81, 3, 10.79%, 0, 0, 2, 0.04, 1230, 116815
27550, 0, 2, 81, 81, 3, 10.79%, 0, 0, 2, 0.04, 1231, 116815
27573, 0, 2, 81, 81, 3, 10.79%, 0, 0, 2, 0.04, 1232, 116815
27596, 0, 2, 81, 81, 3, 10.79%, 0, 0, 2, 0.04, 1233, 116815
27869, 0, 2, 82, 82, 3, 10.79%, 0, 0, 2, 0.04, 1246, 116815
27894, 0, 2, 82, 82, 3, 10.79%, 0, 0, 2, 0.04, 1247, 116815
27917, 0, 2, 82, 82, 3, 10.79%, 0, 0, 2, 0.04, 1248, 116815
27940, 0, 2, 82, 82, 3, 10.79%, 0, 0, 2, 0.04, 1249, 116815
27963, 0, 2, 82, 82, 3, 10.79%, 0, 0, 2, 0.04, 1250, 116815
27987, 0, 2, 82, 82, 3, 10.79%, 0, 0, 2, 0.04, 1251, 116815
28313, 0, 2, 83, 83, 3, 10.79%, 0, 0, 2, 0.04, 1264, 116817
28612, 0, 2, 84, 84, 3, 10.79%, 0, 0, 2, 0.04, 1277, 116817
28635, 0, 2, 84, 84, 3, 10.79%, 0, 0, 2, 0.04, 1278, 116817
29000, 0, 2, 85, 85, 3, 10.79%, 0, 0, 2, 0.04, 1291, 116817
29022, 0, 2, 85, 85, 3, 10.79%, 0, 0, 2, 0.04, 1292, 116817
29046, 0, 2, 85, 85, 3, 10.79%, 0, 0, 2, 0.04, 1293, 116817
29070, 0, 2, 85, 85, 3, 10.79%, 0, 0, 2, 0.04, 1294, 116817
29095, 0, 2, 85, 85, 3, 10.79%, 0, 0, 2, 0.04, 1295, 116817
29117, 0, 2, 85, 85, 3, 10.79%, 0, 0, 2, 0.04, 1296, 116817
29495, 0, 2, 86, 86, 3, 10.79%, 0, 0, 2, 0.04, 1309, 116817
29525, 0, 2, 86, 86, 3, 10.79%, 0, 0, 2, 0.04, 1310, 116817
29547, 0, 2, 86, 86, 3, 10.79%, 0, 0, 2, 0.04, 1311, 116817
29570, 0, 2, 86, 86, 3, 10.79%, 0, 0, 2, 0.04, 1312, 116817
29593, 0, 2, 86, 86, 3, 10.79%, 0, 0, 2, 0.04, 1313, 116817
29617, 0, 2, 86, 86, 3, 10.79%, 0, 0, 2, 0.04, 1314, 116817
29915, 0, 2, 87, 87, 3, 10.79%, 0, 0, 2, 0.04, 1327, 116836
29938, 0, 2, 87, 87, 3, 10.79%, 0, 0, 2, 0.04, 1328, 116836
30269, 0, 2, 88, 88, 3, 10.79%, 0, 0, 2, 0.04, 1341, 116836
30566, 0, 2, 89, 89, 3, 10.79%, 0, 0, 2, 0.04, 1354, 116848
30592, 0, 2, 89, 89, 3, 10.79%, 0, 0, 2, 0.04, 1355, 116848
30918, 0, 2, 90, 90, 3, 10.79%, 0, 0, 2, 0.04, 1368, 116848
31249, 0, 2, 91, 91, 3, 10.79%, 0, 0, 2, 0.04, 1381, 116848
31579, 0, 2, 92, 92, 3, 10.79%, 0, 0, 2, 0.04, 1394, 116848
31603, 0, 2, 92, 92, 3, 10.79%, 0, 0, 2, 0.04, 1395, 116848
31954, 0, 2, 93, 93, 3, 10.79%, 0, 0, 2, 0.04, 1408, 116848
31983, 0, 2, 93, 93, 3, 10.79%, 0, 0, 2, 0.04, 1409, 116848
32311, 0, 2, 94, 94, 3, 10.80%, 0, 0, 2, 0.04, 1422, 116963
32337, 0, 2, 94, 94, 3, 10.80%, 0, 0, 2, 0.04, 1423, 116963
32852, 0, 2, 95, 95, 3, 10.80%, 0, 0, 2, 0.04, 1436, 116963
32875, 0, 2, 95, 95, 3, 10.80%, 0, 0, 2, 0.04, 1437, 116963
32899, 0, 2, 95, 95, 3, 10.80%, 0, 0, 2, 0.04, 1438, 116963
33316, 0, 2, 96, 96, 3, 10.80%, 0, 0, 2, 0.04, 1451, 116963
33704, 0, 2, 97, 97, 3, 10.80%, 0, 0, 2, 0.04, 1464, 116963
33727, 0, 2, 97, 97, 3, 10.80%, 0, 0, 2, 0.04, 1465, 116963
33751, 0, 2, 97, 97, 3, 10.80%, 0, 0, 2, 0.04, 1466, 116963
33774, 0, 2, 97, 97, 3, 10.80%, 0, 0, 2, 0.04, 1467, 116963
33798, 0, 2, 97, 97, 3, 10.80%, 0, 0, 2, 0.04, 1468, 116963
33822, 0, 2, 97, 97, 3, 10.80%, 0, 0, 2, 0.04, 1469, 116963
33846, 0, 2, 97, 97, 3, 10.80%, 0, 0, 2, 0.04, 1470, 116963
33870, 0, 2, 97, 97, 3, 10.80%, 0, 0, 2, 0.04, 1471, 116963
33894, 0, 2, 97, 97, 3, 10.80%, 0, 0, 2, 0.04, 1472, 116963
33917, 0, 2, 97, 97, 3, 10.80%, 0, 0, 2, 0.04, 1473, 116963
34229, 0, 2, 98, 98, 3, 10.80%, 0, 0, 2, 0.04, 1486, 116963
34253, 0, 2, 98, 98, 3, 10.80%, 0, 0, 2, 0.04, 1487, 116963
34733, 0, 2, 99, 99, 3, 10.81%, 0, 0, 2, 0.04, 1500, 117010
34757, 0, 2, 99, 99, 3, 10.81%, 0, 0, 2, 0.04, 1501, 117010
34781, 0, 2, 99, 99, 3, 10.81%, 0, 0, 2, 0.04, 1502, 117010
34805, 0, 2, 99, 99, 3, 10.81%, 0, 0, 2, 0.04, 1503, 117010
34829, 0, 2, 99, 99, 3, 10.81%, 0, 0, 2, 0.04, 1504, 117010
34860, 0, 2, 99, 99, 3, 10.81%, 0, 0, 2, 0.04, 1505, 117010
34883, 0, 2, 99, 99, 3, 10.81%, 0, 0, 2, 0.04, 1506, 117010
35224, 0, 2, 100, 100, 3, 10.81%, 0, 0, 2, 0.04, 1519, 117010
35247, 0, 2, 100, 100, 3, 10.81%, 0, 0, 2, 0.04, 1520, 117010
35271, 0, 2, 100, 100, 3, 10.81%, 0, 0, 2, 0.04, 1521, 117010
35295, 0, 2, 100, 100, 3, 10.81%, 0, 0, 2, 0.04, 1522, 117010
35319, 0, 2, 100, 100, 3, 10.81%, 0, 0, 2, 0.04, 1523, 117010
35631, 0, 2, 101, 101, 3, 10.81%, 0, 0, 2, 0.04, 1536, 117010
35656, 0, 2, 101, 101, 3, 10.81%, 0, 0, 2, 0.04, 1537, 117010
35679, 0, 2, 101, 101, 3, 10.81%, 0, 0, 2, 0.04, 1538, 117010
36106, 0, 2, 102, 102, 3, 10.84%, 0, 0, 2, 0.04, 1551, 117324
36131, 0, 2, 102, 102, 3, 10.84%, 0, 0, 2, 0.04, 1552, 117324
36155, 0, 2, 102, 102, 3, 10.84%, 0, 0, 2, 0.04, 1553, 117324
36180, 0, 2, 102, 102, 3, 10.84%, 0, 0, 2, 0.04, 1554, 117324
36204, 0, 2, 102, 102, 3, 10.84%, 0, 0, 2, 0.04, 1555, 117324
36228, 0, 2, 102, 102, 3, 10.84%, 0, 0, 2, 0.04, 1556, 117324
36253, 0, 2, 102, 102, 3, 10.84%, 0, 0, 2, 0.04, 1557, 117324
36277, 0, 2, 102, 102, 3, 10.84%, 0, 0, 2, 0.04, 1558, 117324
36301, 0, 2, 102, 102, 3, 10.84%, 0, 0, 2, 0.04, 1559, 117324
36590, 0, 2, 103, 103, 3, 10.84%, 0, 0, 2, 0.04, 1572, 117324
37013, 0, 2, 104, 104, 3, 10.84%, 0, 0, 2, 0.04, 1585, 117327
37037, 0, 2, 104, 104, 3, 10.84%, 0, 0, 2, 0.04, 1586, 117327
37061, 0, 2, 104, 104, 3, 10.84%, 0, 0, 2, 0.04, 1587, 117327
37086, 0, 2, 104, 104, 3, 10.84%, 0, 0, 2, 0.04, 1588, 117327
37524, 0, 2, 105, 105, 3, 10.84%, 0, 0, 2, 0.04, 1601, 117327
37841, 0, 2, 106, 106, 3, 10.84%, 0, 0, 2, 0.04, 1614, 117332
37865, 0, 2, 106, 106, 3, 10.84%, 0, 0, 2, 0.04, 1615, 117332
37891, 0, 2, 106, 106, 3, 10.84%, 0, 0, 2, 0.04, 1616, 117332
38197, 0, 2, 107, 107, 3, 10.84%, 0, 0, 2, 0.04, 1629, 117337
38219, 0, 2, 107, 107, 3, 10.84%, 0, 0, 2, 0.04, 1630, 117337
38241, 0, 2, 107, 107, 3, 10.84%, 0, 0, 2, 0.04, 1631, 117337
38262, 0, 2, 107, 107, 3, 10.84%, 0, 0, 2, 0.04, 1632, 117337
38283, 0, 2, 107, 107, 3, 10.84%, 0, 0, 2, 0.04, 1633, 117337
38305, 0, 2, 107, 107, 3, 10.84%, 0, 0, 2, 0.04, 1634, 117337
38327, 0, 2, 107, 107, 3, 10.84%, 0, 0, 2, 0.04, 1635, 117337
38349, 0, 2, 107, 107, 3, 10.84%, 0, 0, 2, 0.04, 1636, 117337
38371, 0, 2, 107, 107, 3, 10.84%, 0, 0, 2, 0.04, 1637, 117337
38392, 0, 2, 107, 107, 3, 10.84%, 0, 0, 2, 0.04, 1638, 117337
38658, 0, 2, 108, 108, 3, 10.84%, 0, 0, 2, 0.04, 1651, 117337
38680, 0, 2, 108, 108, 3, 10.84%, 0, 0, 2, 0.04, 1652, 117337
38702, 0, 2, 108, 108, 3, 10.84%, 0, 0, 2, 0.04, 1653, 117337
38723, 0, 2, 108, 108, 3, 10.84%, 0, 0, 2, 0.04, 1654, 117337
38746, 0, 2, 108, 108, 3, 10.84%, 0, 0, 2, 0.04, 1655, 117337
39118, 0, 2, 109, 109, 3, 10.84%, 0, 0, 2, 0.04, 1668, 117386
39140, 0, 2, 109, 109, 3, 10.84%, 0, 0, 2, 0.04, 1669, 117386
39448, 0, 2, 110, 110, 3, 10.84%, 0, 0, 2, 0.04, 1682, 117387
39471, 0, 2, 110, 110, 3, 10.84%, 0, 0, 2, 0.04, 1683, 117387
39493, 0, 2, 110, 110, 3, 10.84%, 0, 0, 2, 0.04, 1684, 117387
39515, 0, 2, 110, 110, 3, 10.84%, 0, 0, 2, 0.04, 1685, 117387
39821, 0, 2, 111, 111, 3, 10.84%, 0, 0, 2, 0.04, 1698, 117387
39844, 0, 2, 111, 111, 3, 10.84%, 0, 0, 2, 0.04, 1699, 117387
39866, 0, 2, 111, 111, 3, 10.84%, 0, 0, 2, 0.04, 1700, 117387
40331, 0, 2, 112, 112, 3, 10.93%, 0, 0, 2, 0.04, 1713, 118267
40353, 0, 2, 112, 112, 3, 10.93%, 0, 0, 2, 0.04, 1714, 118267
40380, 0, 2, 112, 112, 3, 10.93%, 0, 0, 2, 0.04, 1715, 118267
40403, 0, 2, 112, 112, 3, 10.93%, 0, 0, 2, 0.04, 1716, 118267
40426, 0, 2, 112, 112, 3, 10.93%, 0, 0, 2, 0.04, 1717, 118267
40448, 0, 2, 112, 112, 3, 10.93%, 0, 0, 2, 0.04, 1718, 118267
40471, 0, 2, 112, 112, 3, 10.93%, 0, 0, 2, 0.04, 1719, 118267
40493, 0, 2, 112, 112, 3, 10.93%, 0, 0, 2, 0.04, 1720, 118267
40515, 0, 2, 112, 112, 3, 10.93%, 0, 0, 2, 0.04, 1721, 118267
40537, 0, 2, 112, 112, 3, 10.93%, 0, 0, 2, 0.04, 1722, 118267
40560, 0, 2, 112, 112, 3, 10.93%, 0, 0, 2, 0.04, 1723, 118267
40581, 0, 2, 112, 112, 3, 10.93%, 0, 0, 2, 0.04, 1724, 118267
40605, 0, 2, 112, 112, 3, 10.93%, 0, 0, 2, 0.04, 1725, 118267
40627, 0, 2, 112, 112, 3, 10.93%, 0, 0, 2, 0.04, 1726, 118267
40656, 0, 2, 112, 112, 3, 10.93%, 0, 0, 2, 0.04, 1727, 118267
40677, 0, 2, 112, 112, 3, 10.93%, 0, 0, 2, 0.04, 1728, 118267
40701, 0, 2, 112, 112, 3, 10.93%, 0, 0, 2, 0.04, 1729, 118267
40994, 0, 2, 113, 113, 3, 10.93%, 0, 0, 2, 0.04, 1742, 118267
41282, 0, 2, 114, 114, 3, 10.93%, 0, 0, 2, 0.04, 1755, 118268
41308, 0, 2, 114, 114, 3, 10.93%, 0, 0, 2, 0.04, 1756, 118268
41330, 0, 2, 114, 114, 3, 10.93%, 0, 0, 2, 0.04, 1757, 118268
41354, 0, 2, 114, 114, 3, 10.93%, 0, 0, 2, 0.04, 1758, 118268
41375, 0, 2, 114, 114, 3, 10.93%, 0, 0, 2, 0.04, 1759, 118268
41398, 0, 2, 114, 114, 3, 10.93%, 0, 0, 2, 0.04, 1760, 118268
41419, 0, 2, 114, 114, 3, 10.93%, 0, 0, 2, 0.04, 1761, 118268
41441, 0, 2, 114, 114, 3, 10.93%, 0, 0, 2, 0.04, 1762, 118268
41463, 0, 2, 114, 114, 3, 10.93%, 0, 0, 2, 0.04, 1763, 118268
41486, 0, 2, 114, 114, 3, 10.93%, 0, 0, 2, 0.04, 1764, 118268
41939, 0, 2, 115, 115, 3, 10.93%, 0, 0, 2, 0.04, 1777, 118268
42254, 0, 2, 116, 116, 3, 10.93%, 0, 0, 2, 0.04, 1790, 118268
42277, 0, 2, 116, 116, 3, 10.93%, 0, 0, 2, 0.04, 1791, 118268
42300, 0, 2, 116, 116, 3, 10.93%, 0, 0, 2, 0.04, 1792, 118268
42322, 0, 2, 116, 116, 3, 10.93%, 0, 0, 2, 0.04, 1793, 118268
42345, 0, 2, 116, 116, 3, 10.93%, 0, 0, 2, 0.04, 1794, 118268
42368, 0, 2, 116, 116, 3, 10.93%, 0, 0, 2, 0.04, 1795, 118268
42391, 0, 2, 116, 116, 3, 10.93%, 0, 0, 2, 0.04, 1796, 118268
42414, 0, 2, 116, 116, 3, 10.93%, 0, 0, 2, 0.04, 1797, 118268
42436, 0, 2, 116, 116, 3, 10.93%, 0, 0, 2, 0.04, 1798, 118268
42459, 0, 2, 116, 116, 3, 10.93%, 0, 0, 2, 0.04, 1799, 118268
42482, 0, 2, 116, 116, 3, 10.93%, 0, 0, 2, 0.04, 1800, 118268
42505, 0, 2, 116, 116, 3, 10.93%, 0, 0, 2, 0.04, 1801, 118268
42534, 0, 2, 116, 116, 3, 10.93%, 0, 0, 2, 0.04, 1802, 118268
42563, 0, 2, 116, 116, 3, 10.93%, 0, 0, 2, 0.04, 1803, 118268
42587, 0, 2, 116, 116, 3, 10.93%, 0, 0, 2, 0.04, 1804, 118268
42609, 0, 2, 116, 116, 3, 10.93%, 0, 0, 2, 0.04, 1805, 118268
42631, 0, 2, 116, 116, 3, 10.93%, 0, 0, 2, 0.04, 1806, 118268
42655, 0, 2, 116, 116, 3, 10.93%, 0, 0, 2, 0.04, 1807, 118268
42967, 0, 2, 117, 117, 3, 10.93%, 0, 0, 2, 0.04, 1820, 118279
42990, 0, 2, 117, 117, 3, 10.93%, 0, 0, 2, 0.04, 1821, 118279
43383, 0, 2, 118, 118, 3, 10.93%, 0, 0, 2, 0.04, 1834, 118279
43404, 0, 2, 118, 118, 3, 10.93%, 0, 0, 2, 0.04, 1835, 118279
43425, 0, 2, 118, 118, 3, 10.93%, 0, 0, 2, 0.04, 1836, 118279
43752, 0, 2, 119, 119, 3, 10.94%, 0, 0, 2, 0.04, 1849, 118425
43780, 0, 2, 119, 119, 3, 10.94%, 0, 0, 2, 0.04, 1850, 118425
43804, 0, 2, 119, 119, 3, 10.94%, 0, 0, 2, 0.04, 1851, 118425
43827, 0, 2, 119, 119, 3, 10.94%, 0, 0, 2, 0.04, 1852, 118425
43850, 0, 2, 119, 119, 3, 10.94%, 0, 0, 2, 0.04, 1853, 118425
44147, 0, 2, 120, 120, 3, 10.94%, 0, 0, 2, 0.04, 1866, 118428
44175, 0, 2, 120, 120, 3, 10.94%, 0, 0, 2, 0.04, 1867, 118428
44197, 0, 2, 120, 120, 3, 10.94%, 0, 0, 2, 0.04, 1868, 118428
44220, 0, 2, 120, 120, 3, 10.94%, 0, 0, 2, 0.04, 1869, 118428
44244, 0, 2, 120, 120, 3, 10.94%, 0, 0, 2, 0.04, 1870, 118428
44266, 0, 2, 120, 120, 3, 10.94%, 0, 0, 2, 0.04, 1871, 118428
44289, 0, 2, 120, 120, 3, 10.94%, 0, 0, 2, 0.04, 1872, 118428
44313, 0, 2, 120, 120, 3, 10.94%, 0, 0, 2, 0.04, 1873, 118428
44336, 0, 2, 120, 120, 3, 10.94%, 0, 0, 2, 0.04, 1874, 118428
44360, 0, 2, 120, 120, 3, 10.94%, 0, 0, 2, 0.04, 1875, 118428
44382, 0, 2, 120, 120, 3, 10.94%, 0, 0, 2, 0.04, 1876, 118428
44405, 0, 2, 120, 120, 3, 10.94%, 0, 0, 2, 0.04, 1877, 118428
44427, 0, 2, 120, 120, 3, 10.94%, 0, 0, 2, 0.04, 1878, 118428
44456, 0, 2, 120, 120, 3, 10.94%, 0, 0, 2, 0.04, 1879, 118428
44482, 0, 2, 120, 120, 3, 10.94%, 0, 0, 2, 0.04, 1880, 118428
44506, 0, 2, 120, 120, 3, 10.94%, 0, 0, 2, 0.04, 1881, 118428
44529, 0, 2, 120, 120, 3, 10.94%, 0, 0, 2, 0.04, 1882, 118428
44553, 0, 2, 120, 120, 3, 10.94%, 0, 0, 2, 0.04, 1883, 118428
44576, 0, 2, 120, 120, 3, 10.94%, 0, 0, 2, 0.04, 1884, 118428
44599, 0, 2, 120, 120, 3, 10.94%, 0, 0, 2, 0.04, 1885, 118428
44623, 0, 2, 120, 120, 3, 10.94%, 0, 0, 2, 0.04, 1886, 118428
44646, 0, 2, 120, 120, 3, 10.94%, 0, 0, 2, 0.04, 1887, 118428
44669, 0, 2, 120, 120, 3, 10.94%, 0, 0, 2, 0.04, 1888, 118428
44955, 0, 2, 121, 121, 3, 10.94%, 0, 0, 2, 0.04, 1901, 118428
44978, 0, 2, 121, 121, 3, 10.94%, 0, 0, 2, 0.04, 1902, 118428
45002, 0, 2, 121, 121, 3, 10.94%, 0, 0, 2, 0.04, 1903, 118428
45025, 0, 2, 121, 121, 3, 10.94%, 0, 0, 2, 0.04, 1904, 118428
45048, 0, 2, 121, 121, 3, 10.94%, 0, 0, 2, 0.04, 1905, 118428
45071, 0, 2, 121, 121, 3, 10.94%, 0, 0, 2, 0.04, 1906, 118428
45097, 0, 2, 121, 121, 3, 10.94%, 0, 0, 2, 0.04, 1907, 118428
45120, 0, 2, 121, 121, 3, 10.94%, 0, 0, 2, 0.04, 1908, 118428
45145, 0, 2, 121, 121, 3, 10.94%, 0, 0, 2, 0.04, 1909, 118428
45167, 0, 2, 121, 121, 3, 10.94%, 0, 0, 2, 0.04, 1910, 118428
45190, 0, 2, 121, 121, 3, 10.94%, 0, 0, 2, 0.04, 1911, 118428
45213, 0, 2, 121, 121, 3, 10.94%, 0, 0, 2, 0.04, 1912, 118428
45539, 0, 2, 122, 122, 3, 10.94%, 0, 0, 2, 0.04, 1925, 118428
45911, 0, 2, 123, 123, 3, 11.00%, 0, 0, 2, 0.04, 1938, 119072
45932, 0, 2, 123, 123, 3, 11.00%, 0, 0, 2, 0.04, 1939, 119072
45954, 0, 2, 123, 123, 3, 11.00%, 0, 0, 2, 0.04, 1940, 119072
45977, 0, 2, 123, 123, 3, 11.00%, 0, 0, 2, 0.04, 1941, 119072
45999, 0, 2, 123, 123, 3, 11.00%, 0, 0, 2, 0.04, 1942, 119072
46296, 0, 2, 124, 124, 3, 11.00%, 0, 0, 2, 0.04, 1955, 119072
46319, 0, 2, 124, 124, 3, 11.00%, 0, 0, 2, 0.04, 1956, 119072
46712, 0, 2, 125, 125, 3, 11.00%, 0, 0, 2, 0.04, 1969, 119072
46733, 0, 2, 125, 125, 3, 11.00%, 0, 0, 2, 0.04, 1970, 119072
46756, 0, 2, 125, 125, 3, 11.00%, 0, 0, 2, 0.04, 1971, 119072
46779, 0, 2, 125, 125, 3, 11.00%, 0, 0, 2, 0.04, 1972, 119072
46802, 0, 2, 125, 125, 3, 11.00%, 0, 0, 2, 0.04, 1973, 119072
46825, 0, 2, 125, 125, 3, 11.00%, 0, 0, 2, 0.04, 1974, 119072
46849, 0, 2, 125, 125, 3, 11.00%, 0, 0, 2, 0.04, 1975, 119072
46872, 0, 2, 125, 125, 3, 11.00%, 0, 0, 2, 0.04, 1976, 119072
47198, 0, 2, 126, 126, 3, 11.00%, 0, 0, 2, 0.04, 1989, 119072
47221, 0, 2, 126, 126, 3, 11.00%, 0, 0, 2, 0.04, 1990, 119072
47244, 0, 2, 126, 126, 3, 11.00%, 0, 0, 2, 0.04, 1991, 119072
47265, 0, 2, 126, 126, 3, 11.00%, 0, 0, 2, 0.04, 1992, 119072
47290, 0, 2, 126, 126, 3, 11.00%, 0, 0, 2, 0.04, 1993, 119072
47316, 0, 2, 126, 126, 3, 11.00%, 0, 0, 2, 0.04, 1994, 119072
47340, 0, 2, 126, 126, 3, 11.00%, 0, 0, 2, 0.04, 1995, 119072
47364, 0, 2, 126, 126, 3, 11.00%, 0, 0, 2, 0.04, 1996, 119072
47387, 0, 2, 126, 126, 3, 11.00%, 0, 0, 2, 0.04, 1997, 119072
47410, 0, 2, 126, 126, 3, 11.00%, 0, 0, 2, 0.04, 1998, 119072
47433, 0, 2, 126, 126, 3, 11.00%, 0, 0, 2, 0.04, 1999, 119072
47458, 0, 2, 126, 126, 3, 11.00%, 0, 0, 2, 0.04, 2000, 119072
47488, 0, 2, 126, 126, 3, 11.00%, 0, 0, 2, 0.04, 2001, 119072
47511, 0, 2, 126, 126, 3, 11.00%, 0, 0, 2, 0.04, 2002, 119072
47534, 0, 2, 126, 126, 3, 11.00%, 0, 0, 2, 0.04, 2003, 119072
47562, 0, 2, 126, 126, 3, 11.00%, 0, 0, 2, 0.04, 2004, 119072
47591, 0, 2, 126, 126, 3, 11.00%, 0, 0, 2, 0.04, 2005, 119072
47615, 0, 2, 126, 126, 3, 11.00%, 0, 0, 2, 0.04, 2006, 119072
47639, 0, 2, 126, 126, 3, 11.00%, 0, 0, 2, 0.04, 2007, 119072
47663, 0, 2, 126, 126, 3, 11.00%, 0, 0, 2, 0.04, 2008, 119072
47685, 0, 2, 126, 126, 3, 11.00%, 0, 0, 2, 0.04, 2009, 119072
47708, 0, 2, 126, 126, 3, 11.00%, 0, 0, 2, 0.04, 2010, 119072
47732, 0, 2, 126, 126, 3, 11.00%, 0, 0, 2, 0.04, 2011, 119072
47756, 0, 2, 126, 126, 3, 11.00%, 0, 0, 2, 0.04, 2012, 119072
47780, 0, 2, 126, 126, 3, 11.00%, 0, 0, 2, 0.04, 2013, 119072
48090, 0, 2, 127, 127, 3, 11.00%, 0, 0, 2, 0.04, 2026, 119079
48114, 0, 2, 127, 127, 3, 11.00%, 0, 0, 2, 0.04, 2027, 119079
48526, 0, 2, 128, 128, 3, 11.00%, 0, 0, 2, 0.04, 2040, 119079
48852, 0, 2, 129, 129, 3, 11.04%, 0, 0, 2, 0.04, 2053, 119501
48876, 0, 2, 129, 129, 3, 11.04%, 0, 0, 2, 0.04, 2054, 119501
49211, 0, 2, 130, 130, 3, 11.04%, 0, 0, 2, 0.04, 2067, 119501
49236, 0, 2, 130, 130, 3, 11.04%, 0, 0, 2, 0.04, 2068, 119501
49260, 0, 2, 130, 130, 3, 11.04%, 0, 0, 2, 0.04, 2069, 119501
49284, 0, 2, 130, 130, 3, 11.04%, 0, 0, 2, 0.04, 2070, 119501
49310, 0, 2, 130, 130, 3, 11.04%, 0, 0, 2, 0.04, 2071, 119501
49339, 0, 2, 130, 130, 3, 11.04%, 0, 0, 2, 0.04, 2072, 119501
49364, 0, 2, 130, 130, 3, 11.04%, 0, 0, 2, 0.04, 2073, 119501
49389, 0, 2, 130, 130, 3, 11.04%, 0, 0, 2, 0.04, 2074, 119501
49683, 0, 2, 131, 131, 3, 11.04%, 0, 0, 2, 0.04, 2087, 119501
49706, 0, 2, 131, 131, 3, 11.04%, 0, 0, 2, 0.04, 2088, 119501
49728, 0, 2, 131, 131, 3, 11.04%, 0, 0, 2, 0.04, 2089, 119501
49752, 0, 2, 131, 131, 3, 11.04%, 0, 0, 2, 0.04, 2090, 119501
49775, 0, 2, 131, 131, 3, 11.04%, 0, 0, 2, 0.04, 2091, 119501
49797, 0, 2, 131, 131, 3, 11.04%, 0, 0, 2, 0.04, 2092, 119501
49820, 0, 2, 131, 131, 3, 11.04%, 0, 0, 2, 0.04, 2093, 119501
49842, 0, 2, 131, 131, 3, 11.04%, 0, 0, 2, 0.04, 2094, 119501
49866, 0, 2, 131, 131, 3, 11.04%, 0, 0, 2, 0.04, 2095, 119501
49889, 0, 2, 131, 131, 3, 11.04%, 0, 0, 2, 0.04, 2096, 119501
49913, 0, 2, 131, 131, 3, 11.04%, 0, 0, 2, 0.04, 2097, 119501
49936, 0, 2, 131, 131, 3, 11.04%, 0, 0, 2, 0.04, 2098, 119501
49958, 0, 2, 131, 131, 3, 11.04%, 0, 0, 2, 0.04, 2099, 119501
49981, 0, 2, 131, 131, 3, 11.04%, 0, 0, 2, 0.04, 2100, 119501
50003, 0, 2, 131, 131, 3, 11.04%, 0, 0, 2, 0.04, 2101, 119501
50026, 0, 2, 131, 131, 3, 11.04%, 0, 0, 2, 0.04, 2102, 119501
50052, 0, 2, 131, 131, 3, 11.04%, 0, 0, 2, 0.04, 2103, 119501
50075, 0, 2, 131, 131, 3, 11.04%, 0, 0, 2, 0.04, 2104, 119501
50097, 0, 2, 131, 131, 3, 11.04%, 0, 0, 2, 0.04, 2105, 119501
50120, 0, 2, 131, 131, 3, 11.04%, 0, 0, 2, 0.04, 2106, 119501
50143, 0, 2, 131, 131, 3, 11.04%, 0, 0, 2, 0.04, 2107, 119501
50168, 0, 2, 131, 131, 3, 11.04%, 0, 0, 2, 0.04, 2108, 119501
50191, 0, 2, 131, 131, 3, 11.04%, 0, 0, 2, 0.04, 2109, 119501
50214, 0, 2, 131, 131, 3, 11.04%, 0, 0, 2, 0.04, 2110, 119501
50237, 0, 2, 131, 131, 3, 11.04%, 0, 0, 2, 0.04, 2111, 119501
50258, 0, 2, 131, 131, 3, 11.04%, 0, 0, 2, 0.04, 2112, 119501
50634, 0, 2, 132, 132, 3, 11.04%, 0, 0, 2, 0.04, 2125, 119502
50657, 0, 2, 132, 132, 3, 11.04%, 0, 0, 2, 0.04, 2126, 119502
50680, 0, 2, 132, 132, 3, 11.04%, 0, 0, 2, 0.04, 2127, 119502
51134, 0, 2, 133, 133, 3, 11.04%, 0, 0, 2, 0.04, 2140, 119502
51157, 0, 2, 133, 133, 3, 11.04%, 0, 0, 2, 0.04, 2141, 119502
51186, 0, 2, 133, 133, 3, 11.04%, 0, 0, 2, 0.04, 2142, 119502
51208, 0, 2, 133, 133, 3, 11.04%, 0, 0, 2, 0.04, 2143, 119502
51231, 0, 2, 133, 133, 3, 11.04%, 0, 0, 2, 0.04, 2144, 119502
51255, 0, 2, 133, 133, 3, 11.04%, 0, 0, 2, 0.04, 2145, 119502
51279, 0, 2, 133, 133, 3, 11.04%, 0, 0, 2, 0.04, 2146, 119502
51302, 0, 2, 133, 133, 3, 11.04%, 0, 0, 2, 0.04, 2147, 119502
51325, 0, 2, 133, 133, 3, 11.04%, 0, 0, 2, 0.04, 2148, 119502
51348, 0, 2, 133, 133, 3, 11.04%, 0, 0, 2, 0.04, 2149, 119502
51747, 0, 2, 134, 134, 3, 11.04%, 0, 0, 2, 0.04, 2162, 119502
52055, 0, 2, 135, 135, 3, 11.04%, 0, 0, 2, 0.04, 2175, 119509
52078, 0, 2, 135, 135, 3, 11.04%, 0, 0, 2, 0.04, 2176, 119509
52106, 0, 2, 135, 135, 3, 11.04%, 0, 0, 2, 0.04, 2177, 119509
52131, 0, 2, 135, 135, 3, 11.04%, 0, 0, 2, 0.04, 2178, 119509
52160, 0, 2, 135, 135, 3, 11.04%, 0, 0, 2, 0.04, 2179, 119509
52627, 0, 2, 136, 136, 3, 11.04%, 0, 0, 2, 0.04, 2192, 119509
52650, 0, 2, 136, 136, 3, 11.04%, 0, 0, 2, 0.04, 2193, 119509
52673, 0, 2, 136, 136, 3, 11.04%, 0, 0, 2, 0.04, 2194, 119509
52704, 0, 2, 136, 136, 3, 11.04%, 0, 0, 2, 0.04, 2195, 119509
52726, 0, 2, 136, 136, 3, 11.04%, 0, 0, 2, 0.04, 2196, 119509
52754, 0, 2, 136, 136, 3, 11.04%, 0, 0, 2, 0.04, 2197, 119509
52784, 0, 2, 136, 136, 3, 11.04%, 0, 0, 2, 0.04, 2198, 119509
52807, 0, 2, 136, 136, 3, 11.04%, 0, 0, 2, 0.04, 2199, 119509
52838, 0, 2, 136, 136, 3, 11.04%, 0, 0, 2, 0.04, 2200, 119509
52860, 0, 2, 136, 136, 3, 11.04%, 0, 0, 2, 0.04, 2201, 119509
52892, 0, 2, 136, 136, 3, 11.04%, 0, 0, 2, 0.04, 2202, 119509
53204, 0, 2, 137, 137, 3, 11.04%, 0, 0, 2, 0.04, 2215, 119540
53226, 0, 2, 137, 137, 3, 11.04%, 0, 0, 2, 0.04, 2216, 119540
53250, 0, 2, 137, 137, 3, 11.04%, 0, 0, 2, 0.04, 2217, 119540
53273, 0, 2, 137, 137, 3, 11.04%, 0, 0, 2, 0.04, 2218, 119540
53298, 0, 2, 137, 137, 3, 11.04%, 0, 0, 2, 0.04, 2219, 119540
53611, 0, 2, 138, 138, 3, 11.10%, 0, 0, 2, 0.04, 2232, 120190
53636, 0, 2, 138, 138, 3, 11.10%, 0, 0, 2, 0.04, 2233, 120190
53660, 0, 2, 138, 138, 3, 11.10%, 0, 0, 2, 0.04, 2234, 120190
53854, 0, 2, 139, 139, 3, 11.15%, 0, 0, 2, 0.04, 2238, 120672
53954, 0, 2, 139, 139, 3, 11.15%, 0, 1, 2, 0.04, 2239, 120672
54054, 0, 2, 139, 139, 3, 11.15%, 0, 2, 2, 0.04, 2240, 120672
54083, 0, 2, 139, 139, 3, 11.15%, 0, 2, 2, 0.00, 2240, 120672
