# relative_time, cycles_done, cur_item, corpus_count, pending_total, pending_favs, map_size, saved_crashes, saved_hangs, max_depth, execs_per_sec, total_execs, edges_found
62, 0, 2, 3, 3, 3, 10.33%, 0, 0, 1, 0.03, 38, 111848
94, 0, 2, 3, 3, 3, 10.33%, 0, 0, 1, 0.03, 39, 111848
126, 0, 2, 3, 3, 3, 10.33%, 0, 0, 1, 0.03, 40, 111848
158, 0, 2, 3, 3, 3, 10.33%, 0, 0, 1, 0.03, 41, 111848
184, 0, 2, 3, 3, 3, 10.33%, 0, 0, 1, 0.03, 42, 111848
209, 0, 2, 3, 3, 3, 10.33%, 0, 0, 1, 0.03, 43, 111848
234, 0, 2, 3, 3, 3, 10.33%, 0, 0, 1, 0.03, 44, 111848
260, 0, 2, 3, 3, 3, 10.33%, 0, 0, 1, 0.03, 45, 111848
285, 0, 2, 3, 3, 3, 10.33%, 0, 0, 1, 0.03, 46, 111848
311, 0, 2, 3, 3, 3, 10.33%, 0, 0, 1, 0.03, 47, 111848
337, 0, 2, 3, 3, 3, 10.33%, 0, 0, 1, 0.03, 48, 111848
363, 0, 2, 3, 3, 3, 10.33%, 0, 0, 1, 0.03, 49, 111848
388, 0, 2, 3, 3, 3, 10.33%, 0, 0, 1, 0.04, 50, 111848
415, 0, 2, 3, 3, 3, 10.33%, 0, 0, 1, 0.04, 51, 111848
442, 0, 2, 3, 3, 3, 10.33%, 0, 0, 1, 0.04, 52, 111848
468, 0, 2, 3, 3, 3, 10.33%, 0, 0, 1, 0.04, 53, 111848
494, 0, 2, 3, 3, 3, 10.33%, 0, 0, 1, 0.04, 54, 111848
520, 0, 2, 3, 3, 3, 10.33%, 0, 0, 1, 0.04, 55, 111848
545, 0, 2, 3, 3, 3, 10.33%, 0, 0, 1, 0.04, 56, 111848
571, 0, 2, 3, 3, 3, 10.33%, 0, 0, 1, 0.04, 57, 111848
598, 0, 2, 3, 3, 3, 10.33%, 0, 0, 1, 0.04, 58, 111848
624, 0, 2, 3, 3, 3, 10.33%, 0, 0, 1, 0.04, 59, 111848
649, 0, 2, 3, 3, 3, 10.33%, 0, 0, 1, 0.04, 60, 111848
673, 0, 2, 3, 3, 3, 10.33%, 0, 0, 1, 0.04, 61, 111848
698, 0, 2, 3, 3, 3, 10.33%, 0, 0, 1, 0.04, 62, 111848
724, 0, 2, 3, 3, 3, 10.33%, 0, 0, 1, 0.04, 63, 111848
750, 0, 2, 3, 3, 3, 10.33%, 0, 0, 1, 0.04, 64, 111848
775, 0, 2, 3, 3, 3, 10.33%, 0, 0, 1, 0.04, 65, 111848
800, 0, 2, 3, 3, 3, 10.33%, 0, 0, 1, 0.04, 66, 111848
826, 0, 2, 3, 3, 3, 10.33%, 0, 0, 1, 0.04, 67, 111848
851, 0, 2, 3, 3, 3, 10.33%, 0, 0, 1, 0.04, 68, 111848
877, 0, 2, 3, 3, 3, 10.33%, 0, 0, 1, 0.04, 69, 111848
903, 0, 2, 3, 3, 3, 10.33%, 0, 0, 1, 0.04, 70, 111848
929, 0, 2, 3, 3, 3, 10.33%, 0, 0, 1, 0.04, 71, 111848
1262, 0, 2, 4, 4, 3, 10.33%, 0, 0, 2, 0.04, 84, 111852
1288, 0, 2, 4, 4, 3, 10.33%, 0, 0, 2, 0.04, 85, 111852
1623, 0, 2, 5, 5, 3, 10.33%, 0, 0, 2, 0.04, 98, 111858
1650, 0, 2, 5, 5, 3, 10.33%, 0, 0, 2, 0.04, 99, 111858
1988, 0, 2, 6, 6, 3, 10.33%, 0, 0, 2, 0.04, 112, 111862
2319, 0, 2, 7, 7, 3, 10.33%, 0, 0, 2, 0.04, 125, 111863
2748, 0, 2, 8, 8, 3, 10.34%, 0, 0, 2, 0.04, 138, 111917
3260, 0, 2, 9, 9, 3, 10.35%, 0, 0, 2, 0.04, 151, 112062
3602, 0, 2, 10, 10, 3, 10.35%, 0, 0, 2, 0.04, 164, 112076
3953, 0, 2, 11, 11, 3, 10.35%, 0, 0, 2, 0.04, 177, 112080
4305, 0, 2, 12, 12, 3, 10.35%, 0, 0, 2, 0.04, 190, 112081
4645, 0, 2, 13, 13, 3, 10.36%, 0, 0, 2, 0.04, 203, 112186
5129, 0, 2, 14, 14, 3, 10.36%, 0, 0, 2, 0.04, 216, 112193
5499, 0, 2, 15, 15, 3, 10.36%, 0, 0, 2, 0.04, 229, 112199
5878, 0, 2, 16, 16, 3, 10.36%, 0, 0, 2, 0.04, 242, 112199
5904, 0, 2, 16, 16, 3, 10.36%, 0, 0, 2, 0.04, 243, 112199
6379, 0, 2, 17, 17, 3, 10.36%, 0, 0, 2, 0.04, 256, 112200
6748, 0, 2, 18, 18, 3, 10.37%, 0, 0, 2, 0.04, 269, 112241
7157, 0, 2, 19, 19, 3, 10.37%, 0, 0, 2, 0.04, 282, 112241
7548, 0, 2, 20, 20, 3, 10.37%, 0, 0, 2, 0.04, 295, 112246
7903, 0, 2, 21, 21, 3, 10.37%, 0, 0, 2, 0.04, 308, 112246
7929, 0, 2, 21, 21, 3, 10.37%, 0, 0, 2, 0.04, 309, 112246
8312, 0, 2, 22, 22, 3, 10.37%, 0, 0, 2, 0.04, 322, 112253
8727, 0, 2, 23, 23, 3, 10.37%, 0, 0, 2, 0.04, 335, 112253
9127, 0, 2, 24, 24, 3, 10.39%, 0, 0, 2, 0.04, 348, 112523
9155, 0, 2, 24, 24, 3, 10.39%, 0, 0, 2, 0.04, 349, 112523
9547, 0, 2, 25, 25, 3, 10.40%, 0, 0, 2, 0.03, 362, 112569
9949, 0, 2, 26, 26, 3, 10.40%, 0, 0, 2, 0.03, 375, 112569
10406, 0, 2, 27, 27, 3, 10.40%, 0, 0, 2, 0.03, 388, 112584
10979, 0, 2, 28, 28, 3, 10.40%, 0, 0, 2, 0.03, 401, 112584
11383, 0, 2, 29, 29, 3, 10.40%, 0, 0, 2, 0.03, 414, 112584
11753, 0, 2, 30, 30, 3, 10.41%, 0, 0, 2, 0.03, 427, 112718
12315, 0, 2, 31, 31, 3, 10.41%, 0, 0, 2, 0.03, 440, 112719
12684, 0, 2, 32, 32, 3, 10.41%, 0, 0, 2, 0.03, 453, 112726
13062, 0, 2, 33, 33, 3, 10.41%, 0, 0, 2, 0.03, 466, 112727
13512, 0, 2, 34, 34, 3, 10.41%, 0, 0, 2, 0.03, 479, 112728
13896, 0, 2, 35, 35, 3, 10.41%, 0, 0, 2, 0.03, 492, 112728
13924, 0, 2, 35, 35, 3, 10.41%, 0, 0, 2, 0.03, 493, 112728
14340, 0, 2, 36, 36, 3, 10.41%, 0, 0, 2, 0.03, 506, 112738
14800, 0, 2, 37, 37, 3, 10.41%, 0, 0, 2, 0.03, 519, 112738
14829, 0, 2, 37, 37, 3, 10.41%, 0, 0, 2, 0.03, 520, 112738
15271, 0, 2, 38, 38, 3, 10.48%, 0, 0, 2, 0.03, 533, 113447
15705, 0, 2, 39, 39, 3, 10.48%, 0, 0, 2, 0.03, 546, 113447
16150, 0, 2, 40, 40, 3, 10.48%, 0, 0, 2, 0.03, 559, 113451
16537, 0, 2, 41, 41, 3, 10.48%, 0, 0, 2, 0.03, 572, 113451
16981, 0, 2, 42, 42, 3, 10.48%, 0, 0, 2, 0.03, 585, 113451
17539, 0, 2, 43, 43, 3, 10.48%, 0, 0, 2, 0.03, 598, 113465
18183, 0, 2, 44, 44, 3, 10.48%, 0, 0, 2, 0.03, 611, 113466
18217, 0, 2, 44, 44, 3, 10.48%, 0, 0, 2, 0.03, 612, 113466
18684, 0, 2, 45, 45, 3, 10.48%, 0, 0, 2, 0.03, 625, 113466
19192, 0, 2, 46, 46, 3, 10.48%, 0, 0, 2, 0.03, 638, 113467
19231, 0, 2, 46, 46, 3, 10.48%, 0, 0, 2, 0.03, 639, 113467
19649, 0, 2, 47, 47, 3, 10.62%, 0, 0, 2, 0.03, 652, 114991
20109, 0, 2, 48, 48, 3, 10.67%, 0, 0, 2, 0.03, 665, 115494
20701, 0, 2, 49, 49, 3, 10.67%, 0, 0, 2, 0.03, 678, 115494
21199, 0, 2, 50, 50, 3, 10.67%, 0, 0, 2, 0.03, 691, 115494
21664, 0, 2, 51, 51, 3, 10.67%, 0, 0, 2, 0.03, 704, 115494
21693, 0, 2, 51, 51, 3, 10.67%, 0, 0, 2, 0.03, 705, 115494
21724, 0, 2, 51, 51, 3, 10.67%, 0, 0, 2, 0.03, 706, 115494
22183, 0, 2, 52, 52, 3, 10.67%, 0, 0, 2, 0.03, 719, 115495
22908, 0, 2, 53, 53, 3, 10.67%, 0, 0, 2, 0.03, 732, 115545
22944, 0, 2, 53, 53, 3, 10.67%, 0, 0, 2, 0.03, 733, 115545
23474, 0, 2, 54, 54, 3, 10.67%, 0, 0, 2, 0.03, 746, 115545
23505, 0, 2, 54, 54, 3, 10.67%, 0, 0, 2, 0.03, 747, 115545
23893, 0, 2, 55, 55, 3, 10.67%, 0, 0, 2, 0.03, 760, 115545
24352, 0, 2, 56, 56, 3, 10.67%, 0, 0, 2, 0.03, 773, 115545
24846, 0, 2, 57, 57, 3, 10.71%, 0, 0, 2, 0.03, 786, 115900
25327, 0, 2, 58, 58, 3, 10.71%, 0, 0, 2, 0.03, 799, 115900
25368, 0, 2, 58, 58, 3, 10.71%, 0, 0, 2, 0.03, 800, 115900
25402, 0, 2, 58, 58, 3, 10.71%, 0, 0, 2, 0.03, 801, 115900
25436, 0, 2, 58, 58, 3, 10.71%, 0, 0, 2, 0.03, 802, 115900
25465, 0, 2, 58, 58, 3, 10.71%, 0, 0, 2, 0.03, 803, 115900
26048, 0, 2, 59, 59, 3, 10.71%, 0, 0, 2, 0.03, 816, 115950
26082, 0, 2, 59, 59, 3, 10.71%, 0, 0, 2, 0.03, 817, 115950
26112, 0, 2, 59, 59, 3, 10.71%, 0, 0, 2, 0.03, 818, 115950
26679, 0, 2, 60, 60, 3, 10.88%, 0, 0, 2, 0.03, 831, 117792
26714, 0, 2, 60, 60, 3, 10.88%, 0, 0, 2, 0.03, 832, 117792
27436, 0, 2, 61, 61, 3, 10.88%, 0, 0, 2, 0.03, 845, 117796
27471, 0, 2, 61, 61, 3, 10.88%, 0, 0, 2, 0.03, 846, 117796
27505, 0, 2, 61, 61, 3, 10.88%, 0, 0, 2, 0.03, 847, 117796
27538, 0, 2, 61, 61, 3, 10.88%, 0, 0, 2, 0.03, 848, 117796
27570, 0, 2, 61, 61, 3, 10.88%, 0, 0, 2, 0.03, 849, 117796
27604, 0, 2, 61, 61, 3, 10.88%, 0, 0, 2, 0.03, 850, 117796
28231, 0, 2, 62, 62, 3, 10.88%, 0, 0, 2, 0.03, 863, 117802
28697, 0, 2, 63, 63, 3, 10.88%, 0, 0, 2, 0.03, 876, 117802
28751, 0, 2, 63, 63, 3, 10.88%, 0, 0, 2, 0.03, 877, 117802
29240, 0, 2, 64, 64, 3, 10.88%, 0, 0, 2, 0.03, 890, 117805
29966, 0, 2, 65, 65, 3, 10.88%, 0, 0, 2, 0.03, 903, 117819
30029, 0, 2, 65, 65, 3, 10.88%, 0, 0, 2, 0.03, 904, 117819
30074, 0, 2, 65, 65, 3, 10.88%, 0, 0, 2, 0.03, 905, 117819
30108, 0, 2, 65, 65, 3, 10.88%, 0, 0, 2, 0.03, 906, 117819
30145, 0, 2, 65, 65, 3, 10.88%, 0, 0, 2, 0.03, 907, 117819
30751, 0, 2, 66, 66, 3, 10.89%, 0, 0, 2, 0.03, 920, 117928
30794, 0, 2, 66, 66, 3, 10.89%, 0, 0, 2, 0.03, 921, 117928
30828, 0, 2, 66, 66, 3, 10.89%, 0, 0, 2, 0.03, 922, 117928
30862, 0, 2, 66, 66, 3, 10.89%, 0, 0, 2, 0.03, 923, 117928
30915, 0, 2, 66, 66, 3, 10.89%, 0, 0, 2, 0.03, 924, 117928
30956, 0, 2, 66, 66, 3, 10.89%, 0, 0, 2, 0.03, 925, 117928
31003, 0, 2, 66, 66, 3, 10.89%, 0, 0, 2, 0.03, 926, 117928
31052, 0, 2, 66, 66, 3, 10.89%, 0, 0, 2, 0.02, 927, 117928
31093, 0, 2, 66, 66, 3, 10.89%, 0, 0, 2, 0.02, 928, 117928
31126, 0, 2, 66, 66, 3, 10.89%, 0, 0, 2, 0.03, 929, 117928
31172, 0, 2, 66, 66, 3, 10.89%, 0, 0, 2, 0.03, 930, 117928
31206, 0, 2, 66, 66, 3, 10.89%, 0, 0, 2, 0.03, 931, 117928
31901, 0, 2, 67, 67, 3, 10.89%, 0, 0, 2, 0.02, 944, 117929
31941, 0, 2, 67, 67, 3, 10.89%, 0, 0, 2, 0.02, 945, 117929
31976, 0, 2, 67, 67, 3, 10.89%, 0, 0, 2, 0.03, 946, 117929
32012, 0, 2, 67, 67, 3, 10.89%, 0, 0, 2, 0.03, 947, 117929
32044, 0, 2, 67, 67, 3, 10.89%, 0, 0, 2, 0.03, 948, 117929
32077, 0, 2, 67, 67, 3, 10.89%, 0, 0, 2, 0.03, 949, 117929
32113, 0, 2, 67, 67, 3, 10.89%, 0, 0, 2, 0.03, 950, 117929
32163, 0, 2, 67, 67, 3, 10.89%, 0, 0, 2, 0.03, 951, 117929
32198, 0, 2, 67, 67, 3, 10.89%, 0, 0, 2, 0.03, 952, 117929
32779, 0, 2, 68, 68, 3, 10.90%, 0, 0, 2, 0.03, 965, 117942
32816, 0, 2, 68, 68, 3, 10.90%, 0, 0, 2, 0.03, 966, 117942
32861, 0, 2, 68, 68, 3, 10.90%, 0, 0, 2, 0.03, 967, 117942
32896, 0, 2, 68, 68, 3, 10.90%, 0, 0, 2, 0.03, 968, 117942
32946, 0, 2, 68, 68, 3, 10.90%, 0, 0, 2, 0.03, 969, 117942
33479, 0, 2, 69, 69, 3, 10.90%, 0, 0, 2, 0.03, 982, 117953
33515, 0, 2, 69, 69, 3, 10.90%, 0, 0, 2, 0.03, 983, 117953
33551, 0, 2, 69, 69, 3, 10.90%, 0, 0, 2, 0.03, 984, 117953
33599, 0, 2, 69, 69, 3, 10.90%, 0, 0, 2, 0.03, 985, 117953
33657, 0, 2, 69, 69, 3, 10.90%, 0, 0, 2, 0.02, 986, 117953
33695, 0, 2, 69, 69, 3, 10.90%, 0, 0, 2, 0.02, 987, 117953
33730, 0, 2, 69, 69, 3, 10.90%, 0, 0, 2, 0.03, 988, 117953
33781, 0, 2, 69, 69, 3, 10.90%, 0, 0, 2, 0.02, 989, 117953
34242, 0, 2, 70, 70, 3, 10.91%, 0, 0, 2, 0.02, 1002, 118113
35043, 0, 2, 71, 71, 3, 10.91%, 0, 0, 2, 0.02, 1015, 118113
35078, 0, 2, 71, 71, 3, 10.91%, 0, 0, 2, 0.02, 1016, 118113
35125, 0, 2, 71, 71, 3, 10.91%, 0, 0, 2, 0.02, 1017, 118113
35748, 0, 2, 72, 72, 3, 10.91%, 0, 0, 2, 0.02, 1030, 118114
35785, 0, 2, 72, 72, 3, 10.91%, 0, 0, 2, 0.02, 1031, 118114
35822, 0, 2, 72, 72, 3, 10.91%, 0, 0, 2, 0.02, 1032, 118114
35859, 0, 2, 72, 72, 3, 10.91%, 0, 0, 2, 0.02, 1033, 118114
35899, 0, 2, 72, 72, 3, 10.91%, 0, 0, 2, 0.02, 1034, 118114
36623, 0, 2, 73, 73, 3, 10.91%, 0, 0, 2, 0.02, 1047, 118115
36663, 0, 2, 73, 73, 3, 10.91%, 0, 0, 2, 0.02, 1048, 118115
37282, 0, 2, 74, 74, 3, 10.91%, 0, 0, 2, 0.02, 1061, 118115
37317, 0, 2, 74, 74, 3, 10.91%, 0, 0, 2, 0.02, 1062, 118115
37366, 0, 2, 74, 74, 3, 10.91%, 0, 0, 2, 0.02, 1063, 118115
37403, 0, 2, 74, 74, 3, 10.91%, 0, 0, 2, 0.02, 1064, 118115
37460, 0, 2, 74, 74, 3, 10.91%, 0, 0, 2, 0.02, 1065, 118115
37502, 0, 2, 74, 74, 3, 10.91%, 0, 0, 2, 0.02, 1066, 118115
37576, 0, 2, 74, 74, 3, 10.91%, 0, 0, 2, 0.02, 1067, 118115
37603, 0, 2, 74, 74, 3, 10.91%, 0, 0, 2, 0.00, 1067, 118115
