# relative_time, cycles_done, cur_item, corpus_count, pending_total, pending_favs, map_size, saved_crashes, saved_hangs, max_depth, execs_per_sec, total_execs, edges_found
74, 0, 2, 3, 3, 3, 11.40%, 0, 0, 1, 0.06, 40, 123398
92, 0, 2, 3, 3, 3, 11.40%, 0, 0, 1, 0.06, 41, 123398
111, 0, 2, 3, 3, 3, 11.40%, 0, 0, 1, 0.05, 42, 123398
130, 0, 2, 3, 3, 3, 11.40%, 0, 0, 1, 0.05, 43, 123398
148, 0, 2, 3, 3, 3, 11.40%, 0, 0, 1, 0.05, 44, 123398
167, 0, 2, 3, 3, 3, 11.40%, 0, 0, 1, 0.05, 45, 123398
185, 0, 2, 3, 3, 3, 11.40%, 0, 0, 1, 0.05, 46, 123398
204, 0, 2, 3, 3, 3, 11.40%, 0, 0, 1, 0.05, 47, 123398
239, 0, 2, 3, 3, 3, 11.40%, 0, 0, 1, 0.05, 48, 123398
275, 0, 2, 3, 3, 3, 11.40%, 0, 0, 1, 0.05, 49, 123398
310, 0, 2, 3, 3, 3, 11.40%, 0, 0, 1, 0.05, 50, 123398
346, 0, 2, 3, 3, 3, 11.40%, 0, 0, 1, 0.05, 51, 123398
382, 0, 2, 3, 3, 3, 11.40%, 0, 0, 1, 0.05, 52, 123398
419, 0, 2, 3, 3, 3, 11.40%, 0, 0, 1, 0.05, 53, 123398
455, 0, 2, 3, 3, 3, 11.40%, 0, 0, 1, 0.04, 54, 123398
492, 0, 2, 3, 3, 3, 11.40%, 0, 0, 1, 0.04, 55, 123398
528, 0, 2, 3, 3, 3, 11.40%, 0, 0, 1, 0.04, 56, 123398
556, 0, 2, 3, 3, 3, 11.40%, 0, 0, 1, 0.04, 57, 123398
584, 0, 2, 3, 3, 3, 11.40%, 0, 0, 1, 0.04, 58, 123398
604, 0, 2, 3, 3, 3, 11.40%, 0, 0, 1, 0.04, 59, 123398
623, 0, 2, 3, 3, 3, 11.40%, 0, 0, 1, 0.04, 60, 123398
642, 0, 2, 3, 3, 3, 11.40%, 0, 0, 1, 0.04, 61, 123398
661, 0, 2, 3, 3, 3, 11.40%, 0, 0, 1, 0.04, 62, 123398
680, 0, 2, 3, 3, 3, 11.40%, 0, 0, 1, 0.04, 63, 123398
698, 0, 2, 3, 3, 3, 11.40%, 0, 0, 1, 0.05, 64, 123398
717, 0, 2, 3, 3, 3, 11.40%, 0, 0, 1, 0.05, 65, 123398
736, 0, 2, 3, 3, 3, 11.40%, 0, 0, 1, 0.05, 66, 123398
755, 0, 2, 3, 3, 3, 11.40%, 0, 0, 1, 0.05, 67, 123398
774, 0, 2, 3, 3, 3, 11.40%, 0, 0, 1, 0.05, 68, 123398
793, 0, 2, 3, 3, 3, 11.40%, 0, 0, 1, 0.05, 69, 123398
1042, 0, 2, 4, 4, 3, 11.50%, 0, 0, 2, 0.05, 82, 124523
1289, 0, 2, 5, 5, 3, 11.50%, 0, 0, 2, 0.05, 95, 124526
1537, 0, 2, 6, 6, 3, 11.50%, 0, 0, 2, 0.05, 108, 124530
1556, 0, 2, 6, 6, 3, 11.50%, 0, 0, 2, 0.05, 109, 124530
1575, 0, 2, 6, 6, 3, 11.50%, 0, 0, 2, 0.05, 110, 124530
1820, 0, 2, 7, 7, 3, 11.50%, 0, 0, 2, 0.05, 123, 124530
2044, 0, 2, 8, 8, 3, 11.56%, 0, 0, 2, 0.05, 136, 125180
2267, 0, 2, 9, 9, 3, 11.56%, 0, 0, 2, 0.05, 149, 125181
2284, 0, 2, 9, 9, 3, 11.56%, 0, 0, 2, 0.05, 150, 125181
2507, 0, 2, 10, 10, 3, 11.60%, 0, 0, 2, 0.05, 163, 125619
2730, 0, 2, 11, 11, 3, 11.60%, 0, 0, 2, 0.05, 176, 125619
3158, 0, 2, 12, 12, 3, 11.63%, 0, 0, 2, 0.05, 189, 125915
3366, 0, 2, 13, 13, 3, 11.63%, 0, 0, 2, 0.05, 202, 125924
3576, 0, 2, 14, 14, 3, 11.69%, 0, 0, 2, 0.05, 215, 126529
3592, 0, 2, 14, 14, 3, 11.69%, 0, 0, 2, 0.05, 216, 126529
3914, 0, 2, 15, 15, 3, 11.74%, 0, 0, 2, 0.05, 229, 127033
4119, 0, 2, 16, 16, 3, 11.74%, 0, 0, 2, 0.05, 242, 127036
4325, 0, 2, 17, 17, 3, 11.74%, 0, 0, 2, 0.05, 255, 127052
4340, 0, 2, 17, 17, 3, 11.74%, 0, 0, 2, 0.05, 256, 127052
4574, 0, 2, 18, 18, 3, 11.74%, 0, 0, 2, 0.05, 269, 127066
4829, 0, 2, 19, 19, 3, 11.74%, 0, 0, 2, 0.05, 282, 127088
5052, 0, 2, 20, 20, 3, 11.74%, 0, 0, 2, 0.05, 295, 127089
5282, 0, 2, 21, 21, 3, 11.80%, 0, 0, 2, 0.05, 308, 127776
5844, 0, 2, 22, 22, 3, 11.89%, 0, 0, 2, 0.05, 321, 128670
5861, 0, 2, 22, 22, 3, 11.89%, 0, 0, 2, 0.05, 322, 128670
6322, 0, 2, 23, 23, 3, 11.90%, 0, 0, 2, 0.05, 335, 128848
6568, 0, 2, 24, 24, 3, 11.90%, 0, 0, 2, 0.05, 348, 128848
6911, 0, 2, 25, 25, 3, 12.08%, 0, 0, 2, 0.05, 361, 130754
7158, 0, 2, 26, 26, 3, 12.08%, 0, 0, 2, 0.05, 374, 130757
7410, 0, 2, 27, 27, 3, 12.09%, 0, 0, 2, 0.05, 387, 130856
7656, 0, 2, 28, 28, 3, 12.09%, 0, 0, 2, 0.05, 400, 130880
7896, 0, 2, 29, 29, 3, 12.09%, 0, 0, 2, 0.05, 413, 130886
7916, 0, 2, 29, 29, 3, 12.09%, 0, 0, 2, 0.05, 414, 130886
8193, 0, 2, 30, 30, 3, 12.17%, 0, 0, 2, 0.05, 427, 131721
8670, 0, 2, 31, 31, 3, 12.20%, 0, 0, 2, 0.05, 440, 132024
8934, 0, 2, 32, 32, 3, 12.21%, 0, 0, 2, 0.05, 453, 132173
9181, 0, 2, 33, 33, 3, 12.32%, 0, 0, 2, 0.05, 466, 133330
9416, 0, 2, 34, 34, 3, 12.32%, 0, 0, 2, 0.05, 479, 133346
9433, 0, 2, 34, 34, 3, 12.32%, 0, 0, 2, 0.05, 480, 133346
9671, 0, 2, 35, 35, 3, 12.32%, 0, 0, 2, 0.05, 493, 133346
9690, 0, 2, 35, 35, 3, 12.32%, 0, 0, 2, 0.05, 494, 133346
9974, 0, 2, 36, 36, 3, 12.33%, 0, 0, 2, 0.05, 507, 133437
10226, 0, 2, 37, 37, 3, 12.33%, 0, 0, 2, 0.05, 520, 133443
10507, 0, 2, 38, 38, 3, 12.33%, 0, 0, 2, 0.05, 533, 133495
10762, 0, 2, 39, 39, 3, 12.33%, 0, 0, 2, 0.05, 546, 133495
11017, 0, 2, 40, 40, 3, 12.33%, 0, 0, 2, 0.05, 559, 133512
11277, 0, 2, 41, 41, 3, 12.33%, 0, 0, 2, 0.05, 572, 133515
11537, 0, 2, 42, 42, 3, 12.33%, 0, 0, 2, 0.05, 585, 133517
12052, 0, 2, 43, 43, 3, 12.34%, 0, 0, 2, 0.05, 598, 133530
12316, 0, 2, 44, 44, 3, 12.34%, 0, 0, 2, 0.05, 611, 133540
12335, 0, 2, 44, 44, 3, 12.34%, 0, 0, 2, 0.05, 612, 133540
12735, 0, 2, 45, 45, 3, 12.34%, 0, 0, 2, 0.05, 625, 133541
13149, 0, 2, 46, 46, 3, 12.36%, 0, 0, 2, 0.05, 638, 133806
13402, 0, 2, 47, 47, 3, 12.36%, 0, 0, 2, 0.05, 651, 133834
13655, 0, 2, 48, 48, 3, 12.36%, 0, 0, 2, 0.05, 664, 133834
13912, 0, 2, 49, 49, 3, 12.36%, 0, 0, 2, 0.05, 677, 133849
13931, 0, 2, 49, 49, 3, 12.36%, 0, 0, 2, 0.05, 678, 133849
14365, 0, 2, 50, 50, 3, 12.53%, 0, 0, 2, 0.05, 691, 135628
14847, 0, 2, 51, 51, 3, 12.79%, 0, 0, 2, 0.05, 704, 138453
15360, 0, 2, 52, 52, 3, 12.79%, 0, 0, 2, 0.04, 717, 138499
15719, 0, 2, 53, 53, 3, 12.80%, 0, 0, 2, 0.04, 730, 138510
15969, 0, 2, 54, 54, 3, 12.80%, 0, 0, 2, 0.04, 743, 138513
15990, 0, 2, 54, 54, 3, 12.80%, 0, 0, 2, 0.04, 744, 138513
16011, 0, 2, 54, 54, 3, 12.80%, 0, 0, 2, 0.04, 745, 138513
16030, 0, 2, 54, 54, 3, 12.80%, 0, 0, 2, 0.05, 746, 138513
16286, 0, 2, 55, 55, 3, 12.80%, 0, 0, 2, 0.05, 759, 138515
16559, 0, 2, 56, 56, 3, 12.80%, 0, 0, 2, 0.05, 772, 138518
16935, 0, 2, 57, 57, 3, 12.80%, 0, 0, 2, 0.05, 785, 138518
17415, 0, 2, 58, 58, 3, 12.80%, 0, 0, 2, 0.04, 798, 138527
17836, 0, 2, 59, 59, 3, 12.82%, 0, 0, 2, 0.04, 811, 138776
18206, 0, 2, 60, 60, 3, 12.86%, 0, 0, 2, 0.04, 824, 139232
18472, 0, 2, 61, 61, 3, 12.87%, 0, 0, 2, 0.04, 837, 139277
18491, 0, 2, 61, 61, 3, 12.87%, 0, 0, 2, 0.04, 838, 139277
18510, 0, 2, 61, 61, 3, 12.87%, 0, 0, 2, 0.04, 839, 139277
19016, 0, 2, 62, 62, 3, 13.06%, 0, 0, 2, 0.04, 852, 141420
19271, 0, 2, 63, 63, 3, 13.06%, 0, 0, 2, 0.04, 865, 141423
19309, 0, 2, 63, 63, 3, 13.06%, 0, 0, 2, 0.04, 866, 141423
19697, 0, 2, 64, 64, 3, 13.07%, 0, 0, 2, 0.04, 879, 141436
19717, 0, 2, 64, 64, 3, 13.07%, 0, 0, 2, 0.04, 880, 141436
20216, 0, 2, 65, 65, 3, 13.07%, 0, 0, 2, 0.04, 893, 141439
20466, 0, 2, 66, 66, 3, 13.07%, 0, 0, 2, 0.04, 906, 141440
20744, 0, 2, 67, 67, 3, 13.07%, 0, 0, 2, 0.04, 919, 141443
21009, 0, 2, 68, 68, 3, 13.07%, 0, 0, 2, 0.04, 932, 141443
21413, 0, 2, 69, 69, 3, 13.07%, 0, 0, 2, 0.04, 945, 141443
21432, 0, 2, 69, 69, 3, 13.07%, 0, 0, 2, 0.04, 946, 141443
21702, 0, 2, 70, 70, 3, 13.07%, 0, 0, 2, 0.04, 959, 141443
21955, 0, 2, 71, 71, 3, 13.07%, 0, 0, 2, 0.04, 972, 141443
22328, 0, 2, 72, 72, 3, 13.07%, 0, 0, 2, 0.04, 985, 141443
22826, 0, 2, 73, 73, 3, 13.07%, 0, 0, 2, 0.04, 998, 141444
23225, 0, 2, 74, 74, 3, 13.08%, 0, 0, 2, 0.04, 1011, 141539
23245, 0, 2, 74, 74, 3, 13.08%, 0, 0, 2, 0.04, 1012, 141539
23483, 0, 2, 75, 75, 3, 13.08%, 0, 0, 2, 0.04, 1025, 141603
23777, 0, 2, 76, 76, 3, 13.54%, 0, 0, 2, 0.04, 1038, 146530
24036, 0, 2, 77, 77, 3, 13.54%, 0, 0, 2, 0.04, 1051, 146535
24407, 0, 2, 78, 78, 3, 13.62%, 0, 0, 2, 0.04, 1064, 147399
24664, 0, 2, 79, 79, 3, 13.62%, 0, 0, 2, 0.04, 1077, 147487
25165, 0, 2, 80, 80, 3, 13.65%, 0, 0, 2, 0.04, 1090, 147776
25184, 0, 2, 80, 80, 3, 13.65%, 0, 0, 2, 0.04, 1091, 147776
25204, 0, 2, 80, 80, 3, 13.65%, 0, 0, 2, 0.04, 1092, 147776
25224, 0, 2, 80, 80, 3, 13.65%, 0, 0, 2, 0.04, 1093, 147776
25243, 0, 2, 80, 80, 3, 13.65%, 0, 0, 2, 0.04, 1094, 147776
25743, 0, 2, 81, 81, 3, 13.68%, 0, 0, 2, 0.04, 1107, 148078
26002, 0, 2, 82, 82, 3, 13.68%, 0, 0, 2, 0.04, 1120, 148087
26022, 0, 2, 82, 82, 3, 13.68%, 0, 0, 2, 0.04, 1121, 148087
26307, 0, 2, 83, 83, 3, 13.68%, 0, 0, 2, 0.04, 1134, 148092
26695, 0, 2, 84, 84, 3, 13.68%, 0, 0, 2, 0.04, 1147, 148092
26716, 0, 2, 84, 84, 3, 13.68%, 0, 0, 2, 0.04, 1148, 148092
26981, 0, 2, 85, 85, 3, 13.68%, 0, 0, 2, 0.04, 1161, 148093
27245, 0, 2, 86, 86, 3, 13.68%, 0, 0, 2, 0.04, 1174, 148093
27266, 0, 2, 86, 86, 3, 13.68%, 0, 0, 2, 0.04, 1175, 148093
28221, 0, 2, 87, 87, 3, 13.68%, 0, 0, 2, 0.04, 1188, 148103
28485, 0, 2, 88, 88, 3, 13.68%, 0, 0, 2, 0.04, 1201, 148103
28505, 0, 2, 88, 88, 3, 13.68%, 0, 0, 2, 0.04, 1202, 148103
28879, 0, 2, 89, 89, 3, 13.68%, 0, 0, 2, 0.04, 1215, 148103
28899, 0, 2, 89, 89, 3, 13.68%, 0, 0, 2, 0.04, 1216, 148103
28919, 0, 2, 89, 89, 3, 13.68%, 0, 0, 2, 0.04, 1217, 148103
29185, 0, 2, 90, 90, 3, 13.68%, 0, 0, 2, 0.04, 1230, 148110
29446, 0, 2, 91, 91, 3, 13.68%, 0, 0, 2, 0.04, 1243, 148110
29467, 0, 2, 91, 91, 3, 13.68%, 0, 0, 2, 0.04, 1244, 148110
29880, 0, 2, 92, 92, 3, 13.87%, 0, 0, 2, 0.04, 1257, 150164
30143, 0, 2, 93, 93, 3, 13.87%, 0, 0, 2, 0.04, 1270, 150168
30616, 0, 2, 94, 94, 3, 13.88%, 0, 0, 2, 0.04, 1283, 150206
30868, 0, 2, 95, 95, 3, 13.88%, 0, 0, 2, 0.04, 1296, 150207
30888, 0, 2, 95, 95, 3, 13.88%, 0, 0, 2, 0.04, 1297, 150207
31303, 0, 2, 96, 96, 3, 13.88%, 0, 0, 2, 0.04, 1310, 150219
31322, 0, 2, 96, 96, 3, 13.88%, 0, 0, 2, 0.04, 1311, 150219
31341, 0, 2, 96, 96, 3, 13.88%, 0, 0, 2, 0.04, 1312, 150219
31966, 0, 2, 97, 97, 3, 13.88%, 0, 0, 2, 0.04, 1325, 150219
31985, 0, 2, 97, 97, 3, 13.88%, 0, 0, 2, 0.04, 1326, 150219
32241, 0, 2, 98, 98, 3, 13.88%, 0, 0, 2, 0.04, 1339, 150226
32500, 0, 2, 99, 99, 3, 13.88%, 0, 0, 2, 0.04, 1352, 150227
32775, 0, 2, 100, 100, 3, 13.88%, 0, 0, 2, 0.04, 1365, 150227
32794, 0, 2, 100, 100, 3, 13.88%, 0, 0, 2, 0.05, 1366, 150227
33055, 0, 2, 101, 101, 3, 13.88%, 0, 0, 2, 0.05, 1379, 150227
33076, 0, 2, 101, 101, 3, 13.88%, 0, 0, 2, 0.05, 1380, 150227
33096, 0, 2, 101, 101, 3, 13.88%, 0, 0, 2, 0.05, 1381, 150227
33363, 0, 2, 102, 102, 3, 13.88%, 0, 0, 2, 0.05, 1394, 150228
33624, 0, 2, 103, 103, 3, 13.88%, 0, 0, 2, 0.05, 1407, 150228
33910, 0, 2, 104, 104, 3, 13.88%, 0, 0, 2, 0.05, 1420, 150248
33931, 0, 2, 104, 104, 3, 13.88%, 0, 0, 2, 0.05, 1421, 150248
33950, 0, 2, 104, 104, 3, 13.88%, 0, 0, 2, 0.05, 1422, 150248
34205, 0, 2, 105, 105, 3, 13.88%, 0, 0, 2, 0.05, 1435, 150248
34226, 0, 2, 105, 105, 3, 13.88%, 0, 0, 2, 0.05, 1436, 150248
34248, 0, 2, 105, 105, 3, 13.88%, 0, 0, 2, 0.05, 1437, 150248
34656, 0, 2, 106, 106, 3, 13.90%, 0, 0, 2, 0.05, 1450, 150518
34676, 0, 2, 106, 106, 3, 13.90%, 0, 0, 2, 0.05, 1451, 150518
34696, 0, 2, 106, 106, 3, 13.90%, 0, 0, 2, 0.05, 1452, 150518
34715, 0, 2, 106, 106, 3, 13.90%, 0, 0, 2, 0.05, 1453, 150518
35088, 0, 2, 107, 107, 3, 13.90%, 0, 0, 2, 0.05, 1466, 150519
35107, 0, 2, 107, 107, 3, 13.90%, 0, 0, 2, 0.05, 1467, 150519
35136, 0, 2, 107, 107, 3, 13.90%, 0, 0, 2, 0.05, 1468, 150519
35170, 0, 2, 107, 107, 3, 13.90%, 0, 0, 2, 0.04, 1469, 150519
35191, 0, 2, 107, 107, 3, 13.90%, 0, 0, 2, 0.04, 1470, 150519
35212, 0, 2, 107, 107, 3, 13.90%, 0, 0, 2, 0.05, 1471, 150519
35232, 0, 2, 107, 107, 3, 13.90%, 0, 0, 2, 0.05, 1472, 150519
35251, 0, 2, 107, 107, 3, 13.90%, 0, 0, 2, 0.05, 1473, 150519
35542, 0, 2, 108, 108, 3, 13.96%, 0, 0, 2, 0.05, 1486, 151136
35561, 0, 2, 108, 108, 3, 13.96%, 0, 0, 2, 0.05, 1487, 151136
35581, 0, 2, 108, 108, 3, 13.96%, 0, 0, 2, 0.05, 1488, 151136
35983, 0, 2, 109, 109, 3, 13.96%, 0, 0, 2, 0.05, 1501, 151149
36264, 0, 2, 110, 110, 3, 13.96%, 0, 0, 2, 0.05, 1514, 151149
36286, 0, 2, 110, 110, 3, 13.96%, 0, 0, 2, 0.05, 1515, 151149
36537, 0, 2, 111, 111, 3, 13.96%, 0, 0, 2, 0.05, 1528, 151150
36556, 0, 2, 111, 111, 3, 13.96%, 0, 0, 2, 0.05, 1529, 151150
36575, 0, 2, 111, 111, 3, 13.96%, 0, 0, 2, 0.05, 1530, 151150
36595, 0, 2, 111, 111, 3, 13.96%, 0, 0, 2, 0.05, 1531, 151150
36615, 0, 2, 111, 111, 3, 13.96%, 0, 0, 2, 0.05, 1532, 151150
36634, 0, 2, 111, 111, 3, 13.96%, 0, 0, 2, 0.05, 1533, 151150
36654, 0, 2, 111, 111, 3, 13.96%, 0, 0, 2, 0.05, 1534, 151150
36682, 0, 2, 111, 111, 3, 13.96%, 0, 0, 2, 0.05, 1535, 151150
36702, 0, 2, 111, 111, 3, 13.96%, 0, 0, 2, 0.05, 1536, 151150
36969, 0, 2, 112, 112, 3, 13.96%, 0, 0, 2, 0.05, 1549, 151150
37244, 0, 2, 113, 113, 3, 13.96%, 0, 0, 2, 0.05, 1562, 151151
37262, 0, 2, 113, 113, 3, 13.96%, 0, 0, 2, 0.05, 1563, 151151
37542, 0, 2, 114, 114, 3, 13.97%, 0, 0, 2, 0.05, 1576, 151227
37563, 0, 2, 114, 114, 3, 13.97%, 0, 0, 2, 0.05, 1577, 151227
37583, 0, 2, 114, 114, 3, 13.97%, 0, 0, 2, 0.05, 1578, 151227
37603, 0, 2, 114, 114, 3, 13.97%, 0, 0, 2, 0.05, 1579, 151227
38155, 0, 2, 115, 115, 3, 14.04%, 0, 0, 2, 0.05, 1592, 152028
38413, 0, 2, 116, 116, 3, 14.05%, 0, 0, 2, 0.05, 1605, 152146
38442, 0, 2, 116, 116, 3, 14.05%, 0, 0, 2, 0.05, 1606, 152146
38702, 0, 2, 117, 117, 3, 14.06%, 0, 0, 2, 0.05, 1619, 152179
38722, 0, 2, 117, 117, 3, 14.06%, 0, 0, 2, 0.05, 1620, 152179
39132, 0, 2, 118, 118, 3, 14.06%, 0, 0, 2, 0.05, 1633, 152179
39163, 0, 2, 118, 118, 3, 14.06%, 0, 0, 2, 0.04, 1634, 152179
39447, 0, 2, 119, 119, 3, 14.06%, 0, 0, 2, 0.04, 1647, 152179
39467, 0, 2, 119, 119, 3, 14.06%, 0, 0, 2, 0.05, 1648, 152179
40096, 0, 2, 120, 120, 3, 14.06%, 0, 0, 2, 0.04, 1661, 152182
40116, 0, 2, 120, 120, 3, 14.06%, 0, 0, 2, 0.04, 1662, 152182
40136, 0, 2, 120, 120, 3, 14.06%, 0, 0, 2, 0.04, 1663, 152182
40156, 0, 2, 120, 120, 3, 14.06%, 0, 0, 2, 0.04, 1664, 152182
40630, 0, 2, 121, 121, 3, 14.06%, 0, 0, 2, 0.04, 1677, 152195
40923, 0, 2, 122, 122, 3, 14.11%, 0, 0, 2, 0.04, 1690, 152701
40943, 0, 2, 122, 122, 3, 14.11%, 0, 0, 2, 0.04, 1691, 152701
40962, 0, 2, 122, 122, 3, 14.11%, 0, 0, 2, 0.04, 1692, 152701
40983, 0, 2, 122, 122, 3, 14.11%, 0, 0, 2, 0.04, 1693, 152701
41262, 0, 2, 123, 123, 3, 14.11%, 0, 0, 2, 0.04, 1706, 152701
41281, 0, 2, 123, 123, 3, 14.11%, 0, 0, 2, 0.05, 1707, 152701
41301, 0, 2, 123, 123, 3, 14.11%, 0, 0, 2, 0.05, 1708, 152701
41596, 0, 2, 124, 124, 3, 14.11%, 0, 0, 2, 0.05, 1721, 152708
41886, 0, 2, 125, 125, 3, 14.11%, 0, 0, 2, 0.05, 1734, 152709
41915, 0, 2, 125, 125, 3, 14.11%, 0, 0, 2, 0.04, 1735, 152709
42451, 0, 2, 126, 126, 3, 14.12%, 0, 0, 2, 0.04, 1748, 152798
42471, 0, 2, 126, 126, 3, 14.12%, 0, 0, 2, 0.04, 1749, 152798
42490, 0, 2, 126, 126, 3, 14.12%, 0, 0, 2, 0.04, 1750, 152798
42511, 0, 2, 126, 126, 3, 14.12%, 0, 0, 2, 0.04, 1751, 152798
42531, 0, 2, 126, 126, 3, 14.12%, 0, 0, 2, 0.04, 1752, 152798
42551, 0, 2, 126, 126, 3, 14.12%, 0, 0, 2, 0.05, 1753, 152798
42833, 0, 2, 127, 127, 3, 14.12%, 0, 0, 2, 0.05, 1766, 152799
42855, 0, 2, 127, 127, 3, 14.12%, 0, 0, 2, 0.05, 1767, 152799
42874, 0, 2, 127, 127, 3, 14.12%, 0, 0, 2, 0.05, 1768, 152799
42894, 0, 2, 127, 127, 3, 14.12%, 0, 0, 2, 0.05, 1769, 152799
42915, 0, 2, 127, 127, 3, 14.12%, 0, 0, 2, 0.05, 1770, 152799
43307, 0, 2, 128, 128, 3, 14.12%, 0, 0, 2, 0.05, 1783, 152805
43613, 0, 2, 129, 129, 3, 14.13%, 0, 0, 2, 0.05, 1796, 152936
43638, 0, 2, 129, 129, 3, 14.13%, 0, 0, 2, 0.04, 1797, 152936
43660, 0, 2, 129, 129, 3, 14.13%, 0, 0, 2, 0.04, 1798, 152936
43683, 0, 2, 129, 129, 3, 14.13%, 0, 0, 2, 0.04, 1799, 152936
43976, 0, 2, 130, 130, 3, 14.13%, 0, 0, 2, 0.04, 1812, 152956
43997, 0, 2, 130, 130, 3, 14.13%, 0, 0, 2, 0.04, 1813, 152956
44019, 0, 2, 130, 130, 3, 14.13%, 0, 0, 2, 0.04, 1814, 152956
44490, 0, 2, 131, 131, 3, 14.15%, 0, 0, 2, 0.04, 1827, 153154
44513, 0, 2, 131, 131, 3, 14.15%, 0, 0, 2, 0.04, 1828, 153154
44822, 0, 2, 132, 132, 3, 14.15%, 0, 0, 2, 0.04, 1841, 153154
44844, 0, 2, 132, 132, 3, 14.15%, 0, 0, 2, 0.04, 1842, 153154
44868, 0, 2, 132, 132, 3, 14.15%, 0, 0, 2, 0.04, 1843, 153154
44891, 0, 2, 132, 132, 3, 14.15%, 0, 0, 2, 0.04, 1844, 153154
44913, 0, 2, 132, 132, 3, 14.15%, 0, 0, 2, 0.04, 1845, 153154
45254, 0, 2, 133, 133, 3, 14.16%, 0, 0, 2, 0.04, 1858, 153262
45276, 0, 2, 133, 133, 3, 14.16%, 0, 0, 2, 0.04, 1859, 153262
45296, 0, 2, 133, 133, 3, 14.16%, 0, 0, 2, 0.04, 1860, 153262
45318, 0, 2, 133, 133, 3, 14.16%, 0, 0, 2, 0.04, 1861, 153262
45343, 0, 2, 133, 133, 3, 14.16%, 0, 0, 2, 0.04, 1862, 153262
45368, 0, 2, 133, 133, 3, 14.16%, 0, 0, 2, 0.04, 1863, 153262
45392, 0, 2, 133, 133, 3, 14.16%, 0, 0, 2, 0.04, 1864, 153262
45414, 0, 2, 133, 133, 3, 14.16%, 0, 0, 2, 0.04, 1865, 153262
45446, 0, 2, 133, 133, 3, 14.16%, 0, 0, 2, 0.04, 1866, 153262
45469, 0, 2, 133, 133, 3, 14.16%, 0, 0, 2, 0.04, 1867, 153262
45491, 0, 2, 133, 133, 3, 14.16%, 0, 0, 2, 0.04, 1868, 153262
45513, 0, 2, 133, 133, 3, 14.16%, 0, 0, 2, 0.04, 1869, 153262
45535, 0, 2, 133, 133, 3, 14.16%, 0, 0, 2, 0.04, 1870, 153262
45558, 0, 2, 133, 133, 3, 14.16%, 0, 0, 2, 0.04, 1871, 153262
45581, 0, 2, 133, 133, 3, 14.16%, 0, 0, 2, 0.04, 1872, 153262
45603, 0, 2, 133, 133, 3, 14.16%, 0, 0, 2, 0.04, 1873, 153262
45627, 0, 2, 133, 133, 3, 14.16%, 0, 0, 2, 0.04, 1874, 153262
45649, 0, 2, 133, 133, 3, 14.16%, 0, 0, 2, 0.04, 1875, 153262
46076, 0, 2, 134, 134, 3, 14.16%, 0, 0, 2, 0.04, 1888, 153319
46368, 0, 2, 135, 135, 3, 14.16%, 0, 0, 2, 0.04, 1901, 153319
46391, 0, 2, 135, 135, 3, 14.16%, 0, 0, 2, 0.04, 1902, 153319
46851, 0, 2, 136, 136, 3, 14.16%, 0, 0, 2, 0.04, 1915, 153329
46881, 0, 2, 136, 136, 3, 14.16%, 0, 0, 2, 0.04, 1916, 153329
47192, 0, 2, 137, 137, 3, 14.17%, 0, 0, 2, 0.04, 1929, 153358
47216, 0, 2, 137, 137, 3, 14.17%, 0, 0, 2, 0.04, 1930, 153358
47239, 0, 2, 137, 137, 3, 14.17%, 0, 0, 2, 0.04, 1931, 153358
47662, 0, 2, 138, 138, 3, 14.17%, 0, 0, 2, 0.04, 1944, 153372
47686, 0, 2, 138, 138, 3, 14.17%, 0, 0, 2, 0.04, 1945, 153372
47709, 0, 2, 138, 138, 3, 14.17%, 0, 0, 2, 0.04, 1946, 153372
47736, 0, 2, 138, 138, 3, 14.17%, 0, 0, 2, 0.04, 1947, 153372
47760, 0, 2, 138, 138, 3, 14.17%, 0, 0, 2, 0.04, 1948, 153372
47804, 0, 2, 138, 138, 3, 14.17%, 0, 0, 2, 0.04, 1949, 153372
48221, 0, 2, 139, 139, 3, 14.17%, 0, 0, 2, 0.04, 1962, 153372
48244, 0, 2, 139, 139, 3, 14.17%, 0, 0, 2, 0.04, 1963, 153372
48520, 0, 2, 140, 140, 3, 14.17%, 0, 0, 2, 0.04, 1976, 153372
48544, 0, 2, 140, 140, 3, 14.17%, 0, 0, 2, 0.04, 1977, 153372
48567, 0, 2, 140, 140, 3, 14.17%, 0, 0, 2, 0.04, 1978, 153372
48590, 0, 2, 140, 140, 3, 14.17%, 0, 0, 2, 0.04, 1979, 153372
48612, 0, 2, 140, 140, 3, 14.17%, 0, 0, 2, 0.04, 1980, 153372
48645, 0, 2, 140, 140, 3, 14.17%, 0, 0, 2, 0.04, 1981, 153372
48668, 0, 2, 140, 140, 3, 14.17%, 0, 0, 2, 0.04, 1982, 153372
48691, 0, 2, 140, 140, 3, 14.17%, 0, 0, 2, 0.04, 1983, 153372
48713, 0, 2, 140, 140, 3, 14.17%, 0, 0, 2, 0.04, 1984, 153372
48736, 0, 2, 140, 140, 3, 14.17%, 0, 0, 2, 0.04, 1985, 153372
48761, 0, 2, 140, 140, 3, 14.17%, 0, 0, 2, 0.04, 1986, 153372
49046, 0, 2, 141, 141, 3, 14.17%, 0, 0, 2, 0.04, 1999, 153415
49069, 0, 2, 141, 141, 3, 14.17%, 0, 0, 2, 0.04, 2000, 153415
49092, 0, 2, 141, 141, 3, 14.17%, 0, 0, 2, 0.04, 2001, 153415
49115, 0, 2, 141, 141, 3, 14.17%, 0, 0, 2, 0.04, 2002, 153415
49137, 0, 2, 141, 141, 3, 14.17%, 0, 0, 2, 0.04, 2003, 153415
49162, 0, 2, 141, 141, 3, 14.17%, 0, 0, 2, 0.04, 2004, 153415
49185, 0, 2, 141, 141, 3, 14.17%, 0, 0, 2, 0.04, 2005, 153415
49715, 0, 2, 142, 142, 3, 14.18%, 0, 0, 2, 0.04, 2018, 153526
49750, 0, 2, 142, 142, 3, 14.18%, 0, 0, 2, 0.04, 2019, 153526
50345, 0, 2, 143, 143, 3, 14.18%, 0, 0, 2, 0.04, 2032, 153526
50929, 0, 2, 144, 144, 3, 14.18%, 0, 0, 2, 0.04, 2045, 153526
50963, 0, 2, 144, 144, 3, 14.18%, 0, 0, 2, 0.04, 2046, 153526
50985, 0, 2, 144, 144, 3, 14.18%, 0, 0, 2, 0.04, 2047, 153526
51009, 0, 2, 144, 144, 3, 14.18%, 0, 0, 2, 0.04, 2048, 153526
51032, 0, 2, 144, 144, 3, 14.18%, 0, 0, 2, 0.04, 2049, 153526
51064, 0, 2, 144, 144, 3, 14.18%, 0, 0, 2, 0.04, 2050, 153526
51088, 0, 2, 144, 144, 3, 14.18%, 0, 0, 2, 0.04, 2051, 153526
51111, 0, 2, 144, 144, 3, 14.18%, 0, 0, 2, 0.04, 2052, 153526
51135, 0, 2, 144, 144, 3, 14.18%, 0, 0, 2, 0.04, 2053, 153526
51160, 0, 2, 144, 144, 3, 14.18%, 0, 0, 2, 0.04, 2054, 153526
51182, 0, 2, 144, 144, 3, 14.18%, 0, 0, 2, 0.04, 2055, 153526
51204, 0, 2, 144, 144, 3, 14.18%, 0, 0, 2, 0.04, 2056, 153526
51229, 0, 2, 144, 144, 3, 14.18%, 0, 0, 2, 0.04, 2057, 153526
51659, 0, 2, 145, 145, 3, 14.26%, 0, 0, 2, 0.04, 2070, 154347
51683, 0, 2, 145, 145, 3, 14.26%, 0, 0, 2, 0.04, 2071, 154347
51708, 0, 2, 145, 145, 3, 14.26%, 0, 0, 2, 0.04, 2072, 154347
51731, 0, 2, 145, 145, 3, 14.26%, 0, 0, 2, 0.04, 2073, 154347
51752, 0, 2, 145, 145, 3, 14.26%, 0, 0, 2, 0.04, 2074, 154347
51773, 0, 2, 145, 145, 3, 14.26%, 0, 0, 2, 0.04, 2075, 154347
51813, 0, 2, 145, 145, 3, 14.26%, 0, 0, 2, 0.04, 2076, 154347
51834, 0, 2, 145, 145, 3, 14.26%, 0, 0, 2, 0.04, 2077, 154347
51856, 0, 2, 145, 145, 3, 14.26%, 0, 0, 2, 0.04, 2078, 154347
51879, 0, 2, 145, 145, 3, 14.26%, 0, 0, 2, 0.04, 2079, 154347
52533, 0, 2, 146, 146, 3, 14.28%, 0, 0, 2, 0.04, 2092, 154636
53123, 0, 2, 147, 147, 3, 14.29%, 0, 0, 2, 0.04, 2105, 154644
53145, 0, 2, 147, 147, 3, 14.29%, 0, 0, 2, 0.04, 2106, 154644
53574, 0, 2, 148, 148, 3, 14.29%, 0, 0, 2, 0.04, 2119, 154684
53598, 0, 2, 148, 148, 3, 14.29%, 0, 0, 2, 0.04, 2120, 154684
53621, 0, 2, 148, 148, 3, 14.29%, 0, 0, 2, 0.04, 2121, 154684
53644, 0, 2, 148, 148, 3, 14.29%, 0, 0, 2, 0.04, 2122, 154684
53667, 0, 2, 148, 148, 3, 14.29%, 0, 0, 2, 0.04, 2123, 154684
53691, 0, 2, 148, 148, 3, 14.29%, 0, 0, 2, 0.04, 2124, 154684
53713, 0, 2, 148, 148, 3, 14.29%, 0, 0, 2, 0.04, 2125, 154684
53738, 0, 2, 148, 148, 3, 14.29%, 0, 0, 2, 0.04, 2126, 154684
54040, 0, 2, 149, 149, 3, 14.30%, 0, 0, 2, 0.04, 2139, 154784
54062, 0, 2, 149, 149, 3, 14.30%, 0, 0, 2, 0.04, 2140, 154784
54086, 0, 2, 149, 149, 3, 14.30%, 0, 0, 2, 0.04, 2141, 154784
54120, 0, 2, 149, 149, 3, 14.30%, 0, 0, 2, 0.04, 2142, 154784
54424, 0, 2, 150, 150, 3, 14.30%, 0, 0, 2, 0.04, 2155, 154784
54746, 0, 2, 151, 151, 3, 14.30%, 0, 0, 2, 0.04, 2168, 154790
54781, 0, 2, 151, 151, 3, 14.30%, 0, 0, 2, 0.04, 2169, 154790
54805, 0, 2, 151, 151, 3, 14.30%, 0, 0, 2, 0.04, 2170, 154790
54829, 0, 2, 151, 151, 3, 14.30%, 0, 0, 2, 0.04, 2171, 154790
54851, 0, 2, 151, 151, 3, 14.30%, 0, 0, 2, 0.04, 2172, 154790
54876, 0, 2, 151, 151, 3, 14.30%, 0, 0, 2, 0.04, 2173, 154790
55175, 0, 2, 152, 152, 3, 14.30%, 0, 0, 2, 0.04, 2186, 154790
55201, 0, 2, 152, 152, 3, 14.30%, 0, 0, 2, 0.04, 2187, 154790
55223, 0, 2, 152, 152, 3, 14.30%, 0, 0, 2, 0.04, 2188, 154790
55246, 0, 2, 152, 152, 3, 14.30%, 0, 0, 2, 0.04, 2189, 154790
55269, 0, 2, 152, 152, 3, 14.30%, 0, 0, 2, 0.04, 2190, 154790
55291, 0, 2, 152, 152, 3, 14.30%, 0, 0, 2, 0.04, 2191, 154790
55315, 0, 2, 152, 152, 3, 14.30%, 0, 0, 2, 0.04, 2192, 154790
55360, 0, 2, 152, 152, 3, 14.30%, 0, 0, 2, 0.04, 2193, 154790
55384, 0, 2, 152, 152, 3, 14.30%, 0, 0, 2, 0.04, 2194, 154790
55406, 0, 2, 152, 152, 3, 14.30%, 0, 0, 2, 0.04, 2195, 154790
55984, 0, 2, 153, 153, 3, 14.30%, 0, 0, 2, 0.04, 2208, 154790
56007, 0, 2, 153, 153, 3, 14.30%, 0, 0, 2, 0.04, 2209, 154790
56031, 0, 2, 153, 153, 3, 14.30%, 0, 0, 2, 0.04, 2210, 154790
56055, 0, 2, 153, 153, 3, 14.30%, 0, 0, 2, 0.04, 2211, 154790
56078, 0, 2, 153, 153, 3, 14.30%, 0, 0, 2, 0.04, 2212, 154790
56100, 0, 2, 153, 153, 3, 14.30%, 0, 0, 2, 0.04, 2213, 154790
56123, 0, 2, 153, 153, 3, 14.30%, 0, 0, 2, 0.04, 2214, 154790
56144, 0, 2, 153, 153, 3, 14.30%, 0, 0, 2, 0.04, 2215, 154790
56175, 0, 2, 153, 153, 3, 14.30%, 0, 0, 2, 0.04, 2216, 154790
56196, 0, 2, 153, 153, 3, 14.30%, 0, 0, 2, 0.04, 2217, 154790
56218, 0, 2, 153, 153, 3, 14.30%, 0, 0, 2, 0.04, 2218, 154790
56239, 0, 2, 153, 153, 3, 14.30%, 0, 0, 2, 0.04, 2219, 154790
56531, 0, 2, 154, 154, 3, 14.30%, 0, 0, 2, 0.04, 2232, 154790
56552, 0, 2, 154, 154, 3, 14.30%, 0, 0, 2, 0.04, 2233, 154790
56582, 0, 2, 154, 154, 3, 14.30%, 0, 0, 2, 0.04, 2234, 154790
56603, 0, 2, 154, 154, 3, 14.30%, 0, 0, 2, 0.04, 2235, 154790
56625, 0, 2, 154, 154, 3, 14.30%, 0, 0, 2, 0.04, 2236, 154790
56768, 0, 2, 155, 155, 3, 14.30%, 0, 0, 2, 0.04, 2238, 154790
56868, 0, 2, 155, 155, 3, 14.30%, 0, 1, 2, 0.04, 2239, 154790
56968, 0, 2, 155, 155, 3, 14.30%, 0, 2, 2, 0.04, 2240, 154790
57068, 0, 2, 155, 155, 3, 14.30%, 0, 3, 2, 0.03, 2241, 154790
57169, 0, 2, 155, 155, 3, 14.30%, 0, 4, 2, 0.03, 2242, 154790
57197, 0, 2, 155, 155, 3, 14.30%, 0, 4, 2, 0.00, 2242, 154790
