# relative_time, cycles_done, cur_item, corpus_count, pending_total, pending_favs, map_size, saved_crashes, saved_hangs, max_depth, execs_per_sec, total_execs, edges_found
78, 0, 1, 3, 3, 3, 10.44%, 0, 0, 1, 0.04, 39, 113047
102, 0, 1, 3, 3, 3, 10.44%, 0, 0, 1, 0.04, 40, 113047
119, 0, 1, 3, 3, 3, 10.44%, 0, 0, 1, 0.04, 41, 113047
137, 0, 1, 3, 3, 3, 10.44%, 0, 0, 1, 0.04, 42, 113047
155, 0, 1, 3, 3, 3, 10.44%, 0, 0, 1, 0.04, 43, 113047
172, 0, 1, 3, 3, 3, 10.44%, 0, 0, 1, 0.04, 44, 113047
189, 0, 1, 3, 3, 3, 10.44%, 0, 0, 1, 0.05, 45, 113047
206, 0, 1, 3, 3, 3, 10.44%, 0, 0, 1, 0.05, 46, 113047
223, 0, 1, 3, 3, 3, 10.44%, 0, 0, 1, 0.05, 47, 113047
252, 0, 1, 3, 3, 3, 10.44%, 0, 0, 1, 0.05, 48, 113047
281, 0, 1, 3, 3, 3, 10.44%, 0, 0, 1, 0.05, 49, 113047
310, 0, 1, 3, 3, 3, 10.44%, 0, 0, 1, 0.04, 50, 113047
340, 0, 1, 3, 3, 3, 10.44%, 0, 0, 1, 0.04, 51, 113047
369, 0, 1, 3, 3, 3, 10.44%, 0, 0, 1, 0.04, 52, 113047
398, 0, 1, 3, 3, 3, 10.44%, 0, 0, 1, 0.04, 53, 113047
427, 0, 1, 3, 3, 3, 10.44%, 0, 0, 1, 0.04, 54, 113047
457, 0, 1, 3, 3, 3, 10.44%, 0, 0, 1, 0.04, 55, 113047
486, 0, 1, 3, 3, 3, 10.44%, 0, 0, 1, 0.04, 56, 113047
514, 0, 1, 3, 3, 3, 10.44%, 0, 0, 1, 0.04, 57, 113047
543, 0, 1, 3, 3, 3, 10.44%, 0, 0, 1, 0.04, 58, 113047
571, 0, 1, 3, 3, 3, 10.44%, 0, 0, 1, 0.04, 59, 113047
600, 0, 1, 3, 3, 3, 10.44%, 0, 0, 1, 0.04, 60, 113047
622, 0, 1, 3, 3, 3, 10.44%, 0, 0, 1, 0.04, 61, 113047
645, 0, 1, 3, 3, 3, 10.44%, 0, 0, 1, 0.04, 62, 113047
663, 0, 1, 3, 3, 3, 10.44%, 0, 0, 1, 0.04, 63, 113047
680, 0, 1, 3, 3, 3, 10.44%, 0, 0, 1, 0.04, 64, 113047
698, 0, 1, 3, 3, 3, 10.44%, 0, 0, 1, 0.04, 65, 113047
715, 0, 1, 3, 3, 3, 10.44%, 0, 0, 1, 0.04, 66, 113047
732, 0, 1, 3, 3, 3, 10.44%, 0, 0, 1, 0.05, 67, 113047
751, 0, 1, 3, 3, 3, 10.44%, 0, 0, 1, 0.05, 68, 113047
768, 0, 1, 3, 3, 3, 10.44%, 0, 0, 1, 0.05, 69, 113047
996, 0, 1, 4, 4, 3, 10.44%, 0, 0, 2, 0.05, 82, 113048
1013, 0, 1, 4, 4, 3, 10.44%, 0, 0, 2, 0.05, 83, 113048
1245, 0, 1, 5, 5, 3, 10.44%, 0, 0, 2, 0.05, 96, 113048
1471, 0, 1, 6, 6, 3, 10.44%, 0, 0, 2, 0.05, 109, 113048
1488, 0, 1, 6, 6, 3, 10.44%, 0, 0, 2, 0.05, 110, 113048
1717, 0, 1, 7, 7, 3, 10.44%, 0, 0, 2, 0.05, 123, 113048
2167, 0, 1, 8, 8, 3, 10.46%, 0, 0, 2, 0.05, 136, 113237
2379, 0, 1, 9, 9, 3, 10.46%, 0, 0, 2, 0.05, 149, 113243
2395, 0, 1, 9, 9, 3, 10.46%, 0, 0, 2, 0.05, 150, 113243
2618, 0, 1, 10, 10, 3, 10.46%, 0, 0, 2, 0.05, 163, 113260
2848, 0, 1, 11, 11, 3, 10.46%, 0, 0, 2, 0.05, 176, 113260
3067, 0, 1, 12, 12, 3, 10.46%, 0, 0, 2, 0.05, 189, 113260
3294, 0, 1, 13, 13, 3, 10.46%, 0, 0, 2, 0.05, 202, 113260
3523, 0, 1, 14, 14, 3, 10.46%, 0, 0, 2, 0.05, 215, 113263
3753, 0, 1, 15, 15, 3, 10.46%, 0, 0, 2, 0.05, 228, 113263
3980, 0, 1, 16, 16, 3, 10.46%, 0, 0, 2, 0.05, 241, 113263
4210, 0, 1, 17, 17, 3, 10.46%, 0, 0, 2, 0.05, 254, 113263
4430, 0, 1, 18, 18, 3, 10.46%, 0, 0, 2, 0.05, 267, 113264
4737, 0, 1, 19, 19, 3, 10.46%, 0, 0, 2, 0.05, 280, 113264
5133, 0, 1, 20, 20, 3, 10.47%, 0, 0, 2, 0.05, 293, 113310
5150, 0, 1, 20, 20, 3, 10.47%, 0, 0, 2, 0.05, 294, 113310
5403, 0, 1, 21, 21, 3, 10.47%, 0, 0, 2, 0.05, 307, 113337
5624, 0, 1, 22, 22, 3, 10.47%, 0, 0, 2, 0.05, 320, 113338
5853, 0, 1, 23, 23, 3, 10.47%, 0, 0, 2, 0.05, 333, 113340
6085, 0, 1, 24, 24, 3, 10.47%, 0, 0, 2, 0.05, 346, 113340
6103, 0, 1, 24, 24, 3, 10.47%, 0, 0, 2, 0.05, 347, 113340
6399, 0, 1, 25, 25, 3, 10.54%, 0, 0, 2, 0.05, 360, 114053
6740, 0, 1, 26, 26, 3, 10.58%, 0, 0, 2, 0.05, 373, 114532
6971, 0, 1, 27, 27, 3, 10.58%, 0, 0, 2, 0.05, 386, 114532
7203, 0, 1, 28, 28, 3, 10.58%, 0, 0, 2, 0.05, 399, 114533
7221, 0, 1, 28, 28, 3, 10.58%, 0, 0, 2, 0.05, 400, 114533
7609, 0, 1, 29, 29, 3, 10.59%, 0, 0, 2, 0.05, 413, 114593
8011, 0, 1, 30, 30, 3, 10.59%, 0, 0, 2, 0.05, 426, 114603
8029, 0, 1, 30, 30, 3, 10.59%, 0, 0, 2, 0.05, 427, 114603
8264, 0, 1, 31, 31, 3, 10.59%, 0, 0, 2, 0.05, 440, 114605
8626, 0, 1, 32, 32, 3, 10.59%, 0, 0, 2, 0.05, 453, 114605
8859, 0, 1, 33, 33, 3, 10.59%, 0, 0, 2, 0.05, 466, 114605
8877, 0, 1, 33, 33, 3, 10.59%, 0, 0, 2, 0.05, 467, 114605
8895, 0, 1, 33, 33, 3, 10.59%, 0, 0, 2, 0.05, 468, 114605
9127, 0, 1, 34, 34, 3, 10.59%, 0, 0, 2, 0.05, 481, 114605
9472, 0, 1, 35, 35, 3, 10.59%, 0, 0, 2, 0.05, 494, 114605
9719, 0, 1, 36, 36, 3, 10.59%, 0, 0, 2, 0.05, 507, 114605
9970, 0, 1, 37, 37, 3, 10.59%, 0, 0, 2, 0.05, 520, 114605
10216, 0, 1, 38, 38, 3, 10.59%, 0, 0, 2, 0.05, 533, 114605
10489, 0, 1, 39, 39, 3, 10.59%, 0, 0, 2, 0.05, 546, 114605
10738, 0, 1, 40, 40, 3, 10.59%, 0, 0, 2, 0.05, 559, 114605
10757, 0, 1, 40, 40, 3, 10.59%, 0, 0, 2, 0.05, 560, 114605
10779, 0, 1, 40, 40, 3, 10.59%, 0, 0, 2, 0.05, 561, 114605
11042, 0, 1, 41, 41, 3, 10.59%, 0, 0, 2, 0.05, 574, 114605
11371, 0, 1, 42, 42, 3, 10.59%, 0, 0, 2, 0.05, 587, 114605
11621, 0, 1, 43, 43, 3, 10.59%, 0, 0, 2, 0.05, 600, 114609
11640, 0, 1, 43, 43, 3, 10.59%, 0, 0, 2, 0.05, 601, 114609
12074, 0, 1, 44, 44, 3, 10.60%, 0, 0, 2, 0.05, 614, 114699
12398, 0, 1, 45, 45, 3, 10.60%, 0, 0, 2, 0.05, 627, 114699
12417, 0, 1, 45, 45, 3, 10.60%, 0, 0, 2, 0.05, 628, 114699
12820, 0, 1, 46, 46, 3, 10.67%, 0, 0, 2, 0.05, 641, 115541
13091, 0, 1, 47, 47, 3, 10.68%, 0, 0, 2, 0.05, 654, 115566
13343, 0, 1, 48, 48, 3, 10.68%, 0, 0, 2, 0.05, 667, 115566
13658, 0, 1, 49, 49, 3, 10.68%, 0, 0, 2, 0.05, 680, 115570
13981, 0, 1, 50, 50, 3, 10.68%, 0, 0, 2, 0.05, 693, 115571
14238, 0, 1, 51, 51, 3, 10.68%, 0, 0, 2, 0.05, 706, 115580
14664, 0, 1, 52, 52, 3, 10.68%, 0, 0, 2, 0.05, 719, 115580
15096, 0, 1, 53, 53, 3, 10.68%, 0, 0, 2, 0.05, 732, 115581
15584, 0, 1, 54, 54, 3, 10.68%, 0, 0, 2, 0.04, 745, 115597
15835, 0, 1, 55, 55, 3, 10.68%, 0, 0, 2, 0.04, 758, 115597
15855, 0, 1, 55, 55, 3, 10.68%, 0, 0, 2, 0.04, 759, 115597
15874, 0, 1, 55, 55, 3, 10.68%, 0, 0, 2, 0.05, 760, 115597
16224, 0, 1, 56, 56, 3, 10.68%, 0, 0, 2, 0.04, 773, 115597
16244, 0, 1, 56, 56, 3, 10.68%, 0, 0, 2, 0.05, 774, 115597
16472, 0, 1, 57, 57, 3, 10.68%, 0, 0, 2, 0.05, 787, 115597
16876, 0, 1, 58, 58, 3, 10.68%, 0, 0, 2, 0.05, 800, 115604
16896, 0, 1, 58, 58, 3, 10.68%, 0, 0, 2, 0.05, 801, 115604
16916, 0, 1, 58, 58, 3, 10.68%, 0, 0, 2, 0.05, 802, 115604
17169, 0, 1, 59, 59, 3, 10.68%, 0, 0, 2, 0.05, 815, 115604
17422, 0, 1, 60, 60, 3, 10.68%, 0, 0, 2, 0.05, 828, 115604
17787, 0, 1, 61, 61, 3, 10.68%, 0, 0, 2, 0.05, 841, 115604
18041, 0, 1, 62, 62, 3, 10.68%, 0, 0, 2, 0.05, 854, 115605
18060, 0, 1, 62, 62, 3, 10.68%, 0, 0, 2, 0.05, 855, 115605
18091, 0, 1, 62, 62, 3, 10.68%, 0, 0, 2, 0.05, 856, 115605
18110, 0, 1, 62, 62, 3, 10.68%, 0, 0, 2, 0.05, 857, 115605
18136, 0, 1, 62, 62, 3, 10.68%, 0, 0, 2, 0.05, 858, 115605
18542, 0, 1, 63, 63, 3, 10.68%, 0, 0, 2, 0.04, 871, 115634
18795, 0, 1, 64, 64, 3, 10.68%, 0, 0, 2, 0.05, 884, 115634
18815, 0, 1, 64, 64, 3, 10.68%, 0, 0, 2, 0.05, 885, 115634
19059, 0, 1, 65, 65, 3, 10.68%, 0, 0, 2, 0.05, 898, 115634
19079, 0, 1, 65, 65, 3, 10.68%, 0, 0, 2, 0.05, 899, 115634
19099, 0, 1, 65, 65, 3, 10.68%, 0, 0, 2, 0.05, 900, 115634
19441, 0, 1, 66, 66, 3, 10.68%, 0, 0, 2, 0.05, 913, 115651
19461, 0, 1, 66, 66, 3, 10.68%, 0, 0, 2, 0.05, 914, 115651
19953, 0, 1, 67, 67, 3, 10.68%, 0, 0, 2, 0.04, 927, 115651
19972, 0, 1, 67, 67, 3, 10.68%, 0, 0, 2, 0.05, 928, 115651
20537, 0, 1, 68, 68, 3, 10.68%, 0, 0, 2, 0.04, 941, 115651
20557, 0, 1, 68, 68, 3, 10.68%, 0, 0, 2, 0.04, 942, 115651
20576, 0, 1, 68, 68, 3, 10.68%, 0, 0, 2, 0.04, 943, 115651
20831, 0, 1, 69, 69, 3, 10.68%, 0, 0, 2, 0.05, 956, 115652
21086, 0, 1, 70, 70, 3, 10.68%, 0, 0, 2, 0.05, 969, 115652
21104, 0, 1, 70, 70, 3, 10.68%, 0, 0, 2, 0.05, 970, 115652
21380, 0, 1, 71, 71, 3, 10.68%, 0, 0, 2, 0.05, 983, 115652
21400, 0, 1, 71, 71, 3, 10.68%, 0, 0, 2, 0.05, 984, 115652
21419, 0, 1, 71, 71, 3, 10.68%, 0, 0, 2, 0.05, 985, 115652
21439, 0, 1, 71, 71, 3, 10.68%, 0, 0, 2, 0.05, 986, 115652
21460, 0, 1, 71, 71, 3, 10.68%, 0, 0, 2, 0.05, 987, 115652
21480, 0, 1, 71, 71, 3, 10.68%, 0, 0, 2, 0.05, 988, 115652
21514, 0, 1, 71, 71, 3, 10.68%, 0, 0, 2, 0.05, 989, 115652
21916, 0, 1, 72, 72, 3, 10.68%, 0, 0, 2, 0.05, 1002, 115652
22170, 0, 1, 73, 73, 3, 10.68%, 0, 0, 2, 0.05, 1015, 115652
22587, 0, 1, 74, 74, 3, 10.68%, 0, 0, 2, 0.04, 1028, 115653
22606, 0, 1, 74, 74, 3, 10.68%, 0, 0, 2, 0.05, 1029, 115653
22626, 0, 1, 74, 74, 3, 10.68%, 0, 0, 2, 0.05, 1030, 115653
22646, 0, 1, 74, 74, 3, 10.68%, 0, 0, 2, 0.05, 1031, 115653
22985, 0, 1, 75, 75, 3, 10.73%, 0, 0, 2, 0.05, 1044, 116141
23005, 0, 1, 75, 75, 3, 10.73%, 0, 0, 2, 0.05, 1045, 116141
23024, 0, 1, 75, 75, 3, 10.73%, 0, 0, 2, 0.05, 1046, 116141
23055, 0, 1, 75, 75, 3, 10.73%, 0, 0, 2, 0.05, 1047, 116141
23075, 0, 1, 75, 75, 3, 10.73%, 0, 0, 2, 0.05, 1048, 116141
23336, 0, 1, 76, 76, 3, 10.73%, 0, 0, 2, 0.05, 1061, 116141
23356, 0, 1, 76, 76, 3, 10.73%, 0, 0, 2, 0.05, 1062, 116141
23376, 0, 1, 76, 76, 3, 10.73%, 0, 0, 2, 0.05, 1063, 116141
23396, 0, 1, 76, 76, 3, 10.73%, 0, 0, 2, 0.05, 1064, 116141
23651, 0, 1, 77, 77, 3, 10.73%, 0, 0, 2, 0.05, 1077, 116164
23670, 0, 1, 77, 77, 3, 10.73%, 0, 0, 2, 0.05, 1078, 116164
24012, 0, 1, 78, 78, 3, 10.73%, 0, 0, 2, 0.05, 1091, 116167
24031, 0, 1, 78, 78, 3, 10.73%, 0, 0, 2, 0.05, 1092, 116167
24051, 0, 1, 78, 78, 3, 10.73%, 0, 0, 2, 0.05, 1093, 116167
24071, 0, 1, 78, 78, 3, 10.73%, 0, 0, 2, 0.05, 1094, 116167
24090, 0, 1, 78, 78, 3, 10.73%, 0, 0, 2, 0.05, 1095, 116167
24109, 0, 1, 78, 78, 3, 10.73%, 0, 0, 2, 0.05, 1096, 116167
24129, 0, 1, 78, 78, 3, 10.73%, 0, 0, 2, 0.05, 1097, 116167
24148, 0, 1, 78, 78, 3, 10.73%, 0, 0, 2, 0.05, 1098, 116167
24402, 0, 1, 79, 79, 3, 10.73%, 0, 0, 2, 0.05, 1111, 116167
24644, 0, 1, 80, 80, 3, 10.73%, 0, 0, 2, 0.05, 1124, 116167
24662, 0, 1, 80, 80, 3, 10.73%, 0, 0, 2, 0.05, 1125, 116167
24681, 0, 1, 80, 80, 3, 10.73%, 0, 0, 2, 0.05, 1126, 116167
24936, 0, 1, 81, 81, 3, 10.73%, 0, 0, 2, 0.05, 1139, 116167
24956, 0, 1, 81, 81, 3, 10.73%, 0, 0, 2, 0.05, 1140, 116167
24975, 0, 1, 81, 81, 3, 10.73%, 0, 0, 2, 0.05, 1141, 116167
24995, 0, 1, 81, 81, 3, 10.73%, 0, 0, 2, 0.05, 1142, 116167
25015, 0, 1, 81, 81, 3, 10.73%, 0, 0, 2, 0.05, 1143, 116167
25272, 0, 1, 82, 82, 3, 10.73%, 0, 0, 2, 0.05, 1156, 116167
25526, 0, 1, 83, 83, 3, 10.73%, 0, 0, 2, 0.05, 1169, 116167
25547, 0, 1, 83, 83, 3, 10.73%, 0, 0, 2, 0.05, 1170, 116167
25567, 0, 1, 83, 83, 3, 10.73%, 0, 0, 2, 0.05, 1171, 116167
25586, 0, 1, 83, 83, 3, 10.73%, 0, 0, 2, 0.05, 1172, 116167
25606, 0, 1, 83, 83, 3, 10.73%, 0, 0, 2, 0.05, 1173, 116167
25626, 0, 1, 83, 83, 3, 10.73%, 0, 0, 2, 0.05, 1174, 116167
26062, 0, 1, 84, 84, 3, 10.81%, 0, 0, 2, 0.05, 1187, 117037
26081, 0, 1, 84, 84, 3, 10.81%, 0, 0, 2, 0.05, 1188, 117037
26102, 0, 1, 84, 84, 3, 10.81%, 0, 0, 2, 0.05, 1189, 117037
26122, 0, 1, 84, 84, 3, 10.81%, 0, 0, 2, 0.05, 1190, 117037
26141, 0, 1, 84, 84, 3, 10.81%, 0, 0, 2, 0.05, 1191, 117037
26394, 0, 1, 85, 85, 3, 10.81%, 0, 0, 2, 0.05, 1204, 117037
26414, 0, 1, 85, 85, 3, 10.81%, 0, 0, 2, 0.05, 1205, 117037
26674, 0, 1, 86, 86, 3, 10.81%, 0, 0, 2, 0.05, 1218, 117037
26694, 0, 1, 86, 86, 3, 10.81%, 0, 0, 2, 0.05, 1219, 117037
26716, 0, 1, 86, 86, 3, 10.81%, 0, 0, 2, 0.05, 1220, 117037
26985, 0, 1, 87, 87, 3, 10.81%, 0, 0, 2, 0.05, 1233, 117037
27004, 0, 1, 87, 87, 3, 10.81%, 0, 0, 2, 0.05, 1234, 117037
27416, 0, 1, 88, 88, 3, 10.81%, 0, 0, 2, 0.05, 1247, 117037
27754, 0, 1, 89, 89, 3, 10.81%, 0, 0, 2, 0.05, 1260, 117037
27774, 0, 1, 89, 89, 3, 10.81%, 0, 0, 2, 0.05, 1261, 117037
27803, 0, 1, 89, 89, 3, 10.81%, 0, 0, 2, 0.05, 1262, 117037
27823, 0, 1, 89, 89, 3, 10.81%, 0, 0, 2, 0.05, 1263, 117037
28082, 0, 1, 90, 90, 3, 10.81%, 0, 0, 2, 0.05, 1276, 117038
28102, 0, 1, 90, 90, 3, 10.81%, 0, 0, 2, 0.05, 1277, 117038
28541, 0, 1, 91, 91, 3, 10.81%, 0, 0, 2, 0.05, 1290, 117038
28560, 0, 1, 91, 91, 3, 10.81%, 0, 0, 2, 0.05, 1291, 117038
28579, 0, 1, 91, 91, 3, 10.81%, 0, 0, 2, 0.05, 1292, 117038
28599, 0, 1, 91, 91, 3, 10.81%, 0, 0, 2, 0.05, 1293, 117038
28619, 0, 1, 91, 91, 3, 10.81%, 0, 0, 2, 0.05, 1294, 117038
28640, 0, 1, 91, 91, 3, 10.81%, 0, 0, 2, 0.05, 1295, 117038
28661, 0, 1, 91, 91, 3, 10.81%, 0, 0, 2, 0.05, 1296, 117038
28681, 0, 1, 91, 91, 3, 10.81%, 0, 0, 2, 0.05, 1297, 117038
28701, 0, 1, 91, 91, 3, 10.81%, 0, 0, 2, 0.05, 1298, 117038
28721, 0, 1, 91, 91, 3, 10.81%, 0, 0, 2, 0.05, 1299, 117038
28741, 0, 1, 91, 91, 3, 10.81%, 0, 0, 2, 0.05, 1300, 117038
28761, 0, 1, 91, 91, 3, 10.81%, 0, 0, 2, 0.05, 1301, 117038
29251, 0, 1, 92, 92, 3, 10.81%, 0, 0, 2, 0.05, 1314, 117038
29658, 0, 1, 93, 93, 3, 10.81%, 0, 0, 2, 0.05, 1327, 117038
30248, 0, 1, 94, 94, 3, 10.81%, 0, 0, 2, 0.04, 1340, 117059
30268, 0, 1, 94, 94, 3, 10.81%, 0, 0, 2, 0.04, 1341, 117059
30828, 0, 1, 95, 95, 3, 10.81%, 0, 0, 2, 0.04, 1354, 117059
30850, 0, 1, 95, 95, 3, 10.81%, 0, 0, 2, 0.04, 1355, 117059
31120, 0, 1, 96, 96, 3, 10.81%, 0, 0, 2, 0.04, 1368, 117059
31393, 0, 1, 97, 97, 3, 10.81%, 0, 0, 2, 0.04, 1381, 117061
31412, 0, 1, 97, 97, 3, 10.81%, 0, 0, 2, 0.04, 1382, 117061
31432, 0, 1, 97, 97, 3, 10.81%, 0, 0, 2, 0.05, 1383, 117061
31452, 0, 1, 97, 97, 3, 10.81%, 0, 0, 2, 0.05, 1384, 117061
31471, 0, 1, 97, 97, 3, 10.81%, 0, 0, 2, 0.05, 1385, 117061
31733, 0, 1, 98, 98, 3, 10.81%, 0, 0, 2, 0.05, 1398, 117068
32002, 0, 1, 99, 99, 3, 10.84%, 0, 0, 2, 0.05, 1411, 117302
32022, 0, 1, 99, 99, 3, 10.84%, 0, 0, 2, 0.05, 1412, 117302
32042, 0, 1, 99, 99, 3, 10.84%, 0, 0, 2, 0.05, 1413, 117302
32063, 0, 1, 99, 99, 3, 10.84%, 0, 0, 2, 0.05, 1414, 117302
32439, 0, 1, 100, 100, 3, 10.84%, 0, 0, 2, 0.05, 1427, 117320
32459, 0, 1, 100, 100, 3, 10.84%, 0, 0, 2, 0.05, 1428, 117320
32479, 0, 1, 100, 100, 3, 10.84%, 0, 0, 2, 0.05, 1429, 117320
32768, 0, 1, 101, 101, 3, 10.84%, 0, 0, 2, 0.05, 1442, 117320
32788, 0, 1, 101, 101, 3, 10.84%, 0, 0, 2, 0.05, 1443, 117320
33057, 0, 1, 102, 102, 3, 10.84%, 0, 0, 2, 0.05, 1456, 117320
33078, 0, 1, 102, 102, 3, 10.84%, 0, 0, 2, 0.05, 1457, 117320
33099, 0, 1, 102, 102, 3, 10.84%, 0, 0, 2, 0.05, 1458, 117320
33119, 0, 1, 102, 102, 3, 10.84%, 0, 0, 2, 0.05, 1459, 117320
33140, 0, 1, 102, 102, 3, 10.84%, 0, 0, 2, 0.05, 1460, 117320
33173, 0, 1, 102, 102, 3, 10.84%, 0, 0, 2, 0.05, 1461, 117320
33193, 0, 1, 102, 102, 3, 10.84%, 0, 0, 2, 0.05, 1462, 117320
33636, 0, 1, 103, 103, 3, 10.84%, 0, 0, 2, 0.05, 1475, 117329
33971, 0, 1, 104, 104, 3, 10.84%, 0, 0, 2, 0.04, 1488, 117329
33990, 0, 1, 104, 104, 3, 10.84%, 0, 0, 2, 0.05, 1489, 117329
34238, 0, 1, 105, 105, 3, 10.84%, 0, 0, 2, 0.05, 1502, 117329
34524, 0, 1, 106, 106, 3, 10.84%, 0, 0, 2, 0.05, 1515, 117329
34544, 0, 1, 106, 106, 3, 10.84%, 0, 0, 2, 0.05, 1516, 117329
34564, 0, 1, 106, 106, 3, 10.84%, 0, 0, 2, 0.05, 1517, 117329
34584, 0, 1, 106, 106, 3, 10.84%, 0, 0, 2, 0.05, 1518, 117329
34603, 0, 1, 106, 106, 3, 10.84%, 0, 0, 2, 0.05, 1519, 117329
34624, 0, 1, 106, 106, 3, 10.84%, 0, 0, 2, 0.05, 1520, 117329
34645, 0, 1, 106, 106, 3, 10.84%, 0, 0, 2, 0.05, 1521, 117329
34665, 0, 1, 106, 106, 3, 10.84%, 0, 0, 2, 0.05, 1522, 117329
35242, 0, 1, 107, 107, 3, 10.84%, 0, 0, 2, 0.05, 1535, 117334
35262, 0, 1, 107, 107, 3, 10.84%, 0, 0, 2, 0.05, 1536, 117334
35282, 0, 1, 107, 107, 3, 10.84%, 0, 0, 2, 0.05, 1537, 117334
35317, 0, 1, 107, 107, 3, 10.84%, 0, 0, 2, 0.04, 1538, 117334
35337, 0, 1, 107, 107, 3, 10.84%, 0, 0, 2, 0.05, 1539, 117334
35365, 0, 1, 107, 107, 3, 10.84%, 0, 0, 2, 0.04, 1540, 117334
35386, 0, 1, 107, 107, 3, 10.84%, 0, 0, 2, 0.04, 1541, 117334
35744, 0, 1, 108, 108, 3, 10.84%, 0, 0, 2, 0.04, 1554, 117334
35764, 0, 1, 108, 108, 3, 10.84%, 0, 0, 2, 0.04, 1555, 117334
36446, 0, 1, 109, 109, 3, 10.84%, 0, 0, 2, 0.04, 1568, 117338
36710, 0, 1, 110, 110, 3, 10.84%, 0, 0, 2, 0.04, 1581, 117340
36731, 0, 1, 110, 110, 3, 10.84%, 0, 0, 2, 0.04, 1582, 117340
36751, 0, 1, 110, 110, 3, 10.84%, 0, 0, 2, 0.04, 1583, 117340
36772, 0, 1, 110, 110, 3, 10.84%, 0, 0, 2, 0.04, 1584, 117340
36792, 0, 1, 110, 110, 3, 10.84%, 0, 0, 2, 0.04, 1585, 117340
36812, 0, 1, 110, 110, 3, 10.84%, 0, 0, 2, 0.04, 1586, 117340
37076, 0, 1, 111, 111, 3, 10.84%, 0, 0, 2, 0.05, 1599, 117340
37096, 0, 1, 111, 111, 3, 10.84%, 0, 0, 2, 0.05, 1600, 117340
37116, 0, 1, 111, 111, 3, 10.84%, 0, 0, 2, 0.05, 1601, 117340
37136, 0, 1, 111, 111, 3, 10.84%, 0, 0, 2, 0.05, 1602, 117340
37157, 0, 1, 111, 111, 3, 10.84%, 0, 0, 2, 0.05, 1603, 117340
37177, 0, 1, 111, 111, 3, 10.84%, 0, 0, 2, 0.05, 1604, 117340
37198, 0, 1, 111, 111, 3, 10.84%, 0, 0, 2, 0.05, 1605, 117340
38083, 0, 1, 112, 112, 3, 10.92%, 0, 0, 2, 0.04, 1618, 118243
38115, 0, 1, 112, 112, 3, 10.92%, 0, 0, 2, 0.04, 1619, 118243
38135, 0, 1, 112, 112, 3, 10.92%, 0, 0, 2, 0.04, 1620, 118243
38155, 0, 1, 112, 112, 3, 10.92%, 0, 0, 2, 0.04, 1621, 118243
38425, 0, 1, 113, 113, 3, 10.92%, 0, 0, 2, 0.04, 1634, 118243
38445, 0, 1, 113, 113, 3, 10.92%, 0, 0, 2, 0.04, 1635, 118243
38467, 0, 1, 113, 113, 3, 10.92%, 0, 0, 2, 0.05, 1636, 118243
38485, 0, 1, 113, 113, 3, 10.92%, 0, 0, 2, 0.05, 1637, 118243
38508, 0, 1, 113, 113, 3, 10.92%, 0, 0, 2, 0.05, 1638, 118243
38528, 0, 1, 113, 113, 3, 10.92%, 0, 0, 2, 0.05, 1639, 118243
38549, 0, 1, 113, 113, 3, 10.92%, 0, 0, 2, 0.05, 1640, 118243
38570, 0, 1, 113, 113, 3, 10.92%, 0, 0, 2, 0.05, 1641, 118243
38910, 0, 1, 114, 114, 3, 10.92%, 0, 0, 2, 0.05, 1654, 118244
39198, 0, 1, 115, 115, 3, 10.92%, 0, 0, 2, 0.05, 1667, 118244
39218, 0, 1, 115, 115, 3, 10.92%, 0, 0, 2, 0.05, 1668, 118244
39452, 0, 1, 116, 116, 3, 10.92%, 0, 0, 2, 0.05, 1681, 118244
39472, 0, 1, 116, 116, 3, 10.92%, 0, 0, 2, 0.05, 1682, 118244
39492, 0, 1, 116, 116, 3, 10.92%, 0, 0, 2, 0.05, 1683, 118244
39760, 0, 1, 117, 117, 3, 10.92%, 0, 0, 2, 0.05, 1696, 118245
40128, 0, 1, 118, 118, 3, 10.92%, 0, 0, 2, 0.05, 1709, 118245
40148, 0, 1, 118, 118, 3, 10.92%, 0, 0, 2, 0.05, 1710, 118245
40169, 0, 1, 118, 118, 3, 10.92%, 0, 0, 2, 0.05, 1711, 118245
40190, 0, 1, 118, 118, 3, 10.92%, 0, 0, 2, 0.05, 1712, 118245
40533, 0, 1, 119, 119, 3, 10.92%, 0, 0, 2, 0.05, 1725, 118245
40553, 0, 1, 119, 119, 3, 10.92%, 0, 0, 2, 0.05, 1726, 118245
40573, 0, 1, 119, 119, 3, 10.92%, 0, 0, 2, 0.05, 1727, 118245
40593, 0, 1, 119, 119, 3, 10.92%, 0, 0, 2, 0.05, 1728, 118245
40613, 0, 1, 119, 119, 3, 10.92%, 0, 0, 2, 0.05, 1729, 118245
40636, 0, 1, 119, 119, 3, 10.92%, 0, 0, 2, 0.05, 1730, 118245
40656, 0, 1, 119, 119, 3, 10.92%, 0, 0, 2, 0.05, 1731, 118245
40676, 0, 1, 119, 119, 3, 10.92%, 0, 0, 2, 0.05, 1732, 118245
40696, 0, 1, 119, 119, 3, 10.92%, 0, 0, 2, 0.05, 1733, 118245
40716, 0, 1, 119, 119, 3, 10.92%, 0, 0, 2, 0.05, 1734, 118245
40748, 0, 1, 119, 119, 3, 10.92%, 0, 0, 2, 0.05, 1735, 118245
40768, 0, 1, 119, 119, 3, 10.92%, 0, 0, 2, 0.05, 1736, 118245
40789, 0, 1, 119, 119, 3, 10.92%, 0, 0, 2, 0.05, 1737, 118245
40811, 0, 1, 119, 119, 3, 10.92%, 0, 0, 2, 0.05, 1738, 118245
41266, 0, 1, 120, 120, 3, 10.93%, 0, 0, 2, 0.05, 1751, 118322
41285, 0, 1, 120, 120, 3, 10.93%, 0, 0, 2, 0.05, 1752, 118322
41306, 0, 1, 120, 120, 3, 10.93%, 0, 0, 2, 0.05, 1753, 118322
41326, 0, 1, 120, 120, 3, 10.93%, 0, 0, 2, 0.05, 1754, 118322
41594, 0, 1, 121, 121, 3, 10.93%, 0, 0, 2, 0.05, 1767, 118322
41614, 0, 1, 121, 121, 3, 10.93%, 0, 0, 2, 0.05, 1768, 118322
41636, 0, 1, 121, 121, 3, 10.93%, 0, 0, 2, 0.05, 1769, 118322
41668, 0, 1, 121, 121, 3, 10.93%, 0, 0, 2, 0.05, 1770, 118322
41935, 0, 1, 122, 122, 3, 10.93%, 0, 0, 2, 0.05, 1783, 118323
41955, 0, 1, 122, 122, 3, 10.93%, 0, 0, 2, 0.05, 1784, 118323
41976, 0, 1, 122, 122, 3, 10.93%, 0, 0, 2, 0.05, 1785, 118323
41997, 0, 1, 122, 122, 3, 10.93%, 0, 0, 2, 0.05, 1786, 118323
42017, 0, 1, 122, 122, 3, 10.93%, 0, 0, 2, 0.05, 1787, 118323
42281, 0, 1, 123, 123, 3, 10.94%, 0, 0, 2, 0.05, 1800, 118436
42313, 0, 1, 123, 123, 3, 10.94%, 0, 0, 2, 0.05, 1801, 118436
42333, 0, 1, 123, 123, 3, 10.94%, 0, 0, 2, 0.05, 1802, 118436
42679, 0, 1, 124, 124, 3, 10.94%, 0, 0, 2, 0.05, 1815, 118437
42700, 0, 1, 124, 124, 3, 10.94%, 0, 0, 2, 0.05, 1816, 118437
42719, 0, 1, 124, 124, 3, 10.94%, 0, 0, 2, 0.05, 1817, 118437
43064, 0, 1, 125, 125, 3, 10.94%, 0, 0, 2, 0.05, 1830, 118437
43084, 0, 1, 125, 125, 3, 10.94%, 0, 0, 2, 0.05, 1831, 118437
43532, 0, 1, 126, 126, 3, 10.94%, 0, 0, 2, 0.04, 1844, 118437
43554, 0, 1, 126, 126, 3, 10.94%, 0, 0, 2, 0.04, 1845, 118437
43575, 0, 1, 126, 126, 3, 10.94%, 0, 0, 2, 0.04, 1846, 118437
43595, 0, 1, 126, 126, 3, 10.94%, 0, 0, 2, 0.05, 1847, 118437
43615, 0, 1, 126, 126, 3, 10.94%, 0, 0, 2, 0.05, 1848, 118437
43636, 0, 1, 126, 126, 3, 10.94%, 0, 0, 2, 0.05, 1849, 118437
43656, 0, 1, 126, 126, 3, 10.94%, 0, 0, 2, 0.05, 1850, 118437
43677, 0, 1, 126, 126, 3, 10.94%, 0, 0, 2, 0.05, 1851, 118437
43697, 0, 1, 126, 126, 3, 10.94%, 0, 0, 2, 0.05, 1852, 118437
44025, 0, 1, 127, 127, 3, 10.94%, 0, 0, 2, 0.05, 1865, 118441
44070, 0, 1, 127, 127, 3, 10.94%, 0, 0, 2, 0.04, 1866, 118441
44092, 0, 1, 127, 127, 3, 10.94%, 0, 0, 2, 0.04, 1867, 118441
44113, 0, 1, 127, 127, 3, 10.94%, 0, 0, 2, 0.04, 1868, 118441
44134, 0, 1, 127, 127, 3, 10.94%, 0, 0, 2, 0.04, 1869, 118441
44486, 0, 1, 128, 128, 3, 10.94%, 0, 0, 2, 0.04, 1882, 118441
44507, 0, 1, 128, 128, 3, 10.94%, 0, 0, 2, 0.04, 1883, 118441
44528, 0, 1, 128, 128, 3, 10.94%, 0, 0, 2, 0.04, 1884, 118441
44550, 0, 1, 128, 128, 3, 10.94%, 0, 0, 2, 0.04, 1885, 118441
44571, 0, 1, 128, 128, 3, 10.94%, 0, 0, 2, 0.05, 1886, 118441
44592, 0, 1, 128, 128, 3, 10.94%, 0, 0, 2, 0.05, 1887, 118441
44612, 0, 1, 128, 128, 3, 10.94%, 0, 0, 2, 0.05, 1888, 118441
44631, 0, 1, 128, 128, 3, 10.94%, 0, 0, 2, 0.05, 1889, 118441
44653, 0, 1, 128, 128, 3, 10.94%, 0, 0, 2, 0.05, 1890, 118441
44674, 0, 1, 128, 128, 3, 10.94%, 0, 0, 2, 0.05, 1891, 118441
44695, 0, 1, 128, 128, 3, 10.94%, 0, 0, 2, 0.05, 1892, 118441
44716, 0, 1, 128, 128, 3, 10.94%, 0, 0, 2, 0.05, 1893, 118441
45178, 0, 1, 129, 129, 3, 10.94%, 0, 0, 2, 0.05, 1906, 118441
45199, 0, 1, 129, 129, 3, 10.94%, 0, 0, 2, 0.05, 1907, 118441
45232, 0, 1, 129, 129, 3, 10.94%, 0, 0, 2, 0.04, 1908, 118441
45253, 0, 1, 129, 129, 3, 10.94%, 0, 0, 2, 0.04, 1909, 118441
45274, 0, 1, 129, 129, 3, 10.94%, 0, 0, 2, 0.04, 1910, 118441
45295, 0, 1, 129, 129, 3, 10.94%, 0, 0, 2, 0.04, 1911, 118441
45316, 0, 1, 129, 129, 3, 10.94%, 0, 0, 2, 0.05, 1912, 118441
45337, 0, 1, 129, 129, 3, 10.94%, 0, 0, 2, 0.05, 1913, 118441
45357, 0, 1, 129, 129, 3, 10.94%, 0, 0, 2, 0.05, 1914, 118441
45378, 0, 1, 129, 129, 3, 10.94%, 0, 0, 2, 0.05, 1915, 118441
45399, 0, 1, 129, 129, 3, 10.94%, 0, 0, 2, 0.05, 1916, 118441
45420, 0, 1, 129, 129, 3, 10.94%, 0, 0, 2, 0.05, 1917, 118441
45442, 0, 1, 129, 129, 3, 10.94%, 0, 0, 2, 0.05, 1918, 118441
45464, 0, 1, 129, 129, 3, 10.94%, 0, 0, 2, 0.05, 1919, 118441
45484, 0, 1, 129, 129, 3, 10.94%, 0, 0, 2, 0.05, 1920, 118441
45505, 0, 1, 129, 129, 3, 10.94%, 0, 0, 2, 0.05, 1921, 118441
45526, 0, 1, 129, 129, 3, 10.94%, 0, 0, 2, 0.05, 1922, 118441
45547, 0, 1, 129, 129, 3, 10.94%, 0, 0, 2, 0.05, 1923, 118441
45580, 0, 1, 129, 129, 3, 10.94%, 0, 0, 2, 0.05, 1924, 118441
45601, 0, 1, 129, 129, 3, 10.94%, 0, 0, 2, 0.05, 1925, 118441
45844, 0, 1, 130, 130, 3, 10.94%, 0, 0, 2, 0.05, 1938, 118441
45877, 0, 1, 130, 130, 3, 10.94%, 0, 0, 2, 0.05, 1939, 118441
45912, 0, 1, 130, 130, 3, 10.94%, 0, 0, 2, 0.04, 1940, 118441
46195, 0, 1, 131, 131, 3, 10.94%, 0, 0, 2, 0.04, 1953, 118441
46216, 0, 1, 131, 131, 3, 10.94%, 0, 0, 2, 0.04, 1954, 118441
46753, 0, 1, 132, 132, 3, 10.94%, 0, 0, 2, 0.04, 1967, 118442
46775, 0, 1, 132, 132, 3, 10.94%, 0, 0, 2, 0.04, 1968, 118442
46796, 0, 1, 132, 132, 3, 10.94%, 0, 0, 2, 0.04, 1969, 118442
46821, 0, 1, 132, 132, 3, 10.94%, 0, 0, 2, 0.04, 1970, 118442
46841, 0, 1, 132, 132, 3, 10.94%, 0, 0, 2, 0.04, 1971, 118442
46862, 0, 1, 132, 132, 3, 10.94%, 0, 0, 2, 0.04, 1972, 118442
46894, 0, 1, 132, 132, 3, 10.94%, 0, 0, 2, 0.04, 1973, 118442
46916, 0, 1, 132, 132, 3, 10.94%, 0, 0, 2, 0.04, 1974, 118442
46937, 0, 1, 132, 132, 3, 10.94%, 0, 0, 2, 0.04, 1975, 118442
46958, 0, 1, 132, 132, 3, 10.94%, 0, 0, 2, 0.04, 1976, 118442
46979, 0, 1, 132, 132, 3, 10.94%, 0, 0, 2, 0.04, 1977, 118442
47334, 0, 1, 133, 133, 3, 10.94%, 0, 0, 2, 0.04, 1990, 118442
47356, 0, 1, 133, 133, 3, 10.94%, 0, 0, 2, 0.04, 1991, 118442
47678, 0, 1, 134, 134, 3, 10.94%, 0, 0, 2, 0.04, 2004, 118442
47699, 0, 1, 134, 134, 3, 10.94%, 0, 0, 2, 0.04, 2005, 118442
47734, 0, 1, 134, 134, 3, 10.94%, 0, 0, 2, 0.04, 2006, 118442
47756, 0, 1, 134, 134, 3, 10.94%, 0, 0, 2, 0.04, 2007, 118442
48041, 0, 1, 135, 135, 3, 10.96%, 0, 0, 2, 0.04, 2020, 118652
48062, 0, 1, 135, 135, 3, 10.96%, 0, 0, 2, 0.04, 2021, 118652
48095, 0, 1, 135, 135, 3, 10.96%, 0, 0, 2, 0.04, 2022, 118652
48116, 0, 1, 135, 135, 3, 10.96%, 0, 0, 2, 0.04, 2023, 118652
48137, 0, 1, 135, 135, 3, 10.96%, 0, 0, 2, 0.04, 2024, 118652
48158, 0, 1, 135, 135, 3, 10.96%, 0, 0, 2, 0.04, 2025, 118652
48178, 0, 1, 135, 135, 3, 10.96%, 0, 0, 2, 0.04, 2026, 118652
48209, 0, 1, 135, 135, 3, 10.96%, 0, 0, 2, 0.04, 2027, 118652
48229, 0, 1, 135, 135, 3, 10.96%, 0, 0, 2, 0.04, 2028, 118652
48250, 0, 1, 135, 135, 3, 10.96%, 0, 0, 2, 0.04, 2029, 118652
48277, 0, 1, 135, 135, 3, 10.96%, 0, 0, 2, 0.04, 2030, 118652
48299, 0, 1, 135, 135, 3, 10.96%, 0, 0, 2, 0.04, 2031, 118652
48320, 0, 1, 135, 135, 3, 10.96%, 0, 0, 2, 0.04, 2032, 118652
48340, 0, 1, 135, 135, 3, 10.96%, 0, 0, 2, 0.04, 2033, 118652
48680, 0, 1, 136, 136, 3, 10.96%, 0, 0, 2, 0.04, 2046, 118652
48701, 0, 1, 136, 136, 3, 10.96%, 0, 0, 2, 0.04, 2047, 118652
48721, 0, 1, 136, 136, 3, 10.96%, 0, 0, 2, 0.04, 2048, 118652
48742, 0, 1, 136, 136, 3, 10.96%, 0, 0, 2, 0.04, 2049, 118652
49064, 0, 1, 137, 137, 3, 10.96%, 0, 0, 2, 0.04, 2062, 118653
49462, 0, 1, 138, 138, 3, 10.96%, 0, 0, 2, 0.04, 2075, 118653
49481, 0, 1, 138, 138, 3, 10.96%, 0, 0, 2, 0.04, 2076, 118653
49500, 0, 1, 138, 138, 3, 10.96%, 0, 0, 2, 0.04, 2077, 118653
49531, 0, 1, 138, 138, 3, 10.96%, 0, 0, 2, 0.04, 2078, 118653
49550, 0, 1, 138, 138, 3, 10.96%, 0, 0, 2, 0.04, 2079, 118653
49812, 0, 1, 139, 139, 3, 10.96%, 0, 0, 2, 0.04, 2092, 118653
49831, 0, 1, 139, 139, 3, 10.96%, 0, 0, 2, 0.05, 2093, 118653
49850, 0, 1, 139, 139, 3, 10.96%, 0, 0, 2, 0.05, 2094, 118653
49869, 0, 1, 139, 139, 3, 10.96%, 0, 0, 2, 0.05, 2095, 118653
49887, 0, 1, 139, 139, 3, 10.96%, 0, 0, 2, 0.05, 2096, 118653
49906, 0, 1, 139, 139, 3, 10.96%, 0, 0, 2, 0.05, 2097, 118653
49943, 0, 1, 139, 139, 3, 10.96%, 0, 0, 2, 0.05, 2098, 118653
49961, 0, 1, 139, 139, 3, 10.96%, 0, 0, 2, 0.05, 2099, 118653
49980, 0, 1, 139, 139, 3, 10.96%, 0, 0, 2, 0.05, 2100, 118653
50011, 0, 1, 139, 139, 3, 10.96%, 0, 0, 2, 0.05, 2101, 118653
50029, 0, 1, 139, 139, 3, 10.96%, 0, 0, 2, 0.05, 2102, 118653
50048, 0, 1, 139, 139, 3, 10.96%, 0, 0, 2, 0.05, 2103, 118653
50067, 0, 1, 139, 139, 3, 10.96%, 0, 0, 2, 0.05, 2104, 118653
50092, 0, 1, 139, 139, 3, 10.96%, 0, 0, 2, 0.05, 2105, 118653
50110, 0, 1, 139, 139, 3, 10.96%, 0, 0, 2, 0.05, 2106, 118653
50129, 0, 1, 139, 139, 3, 10.96%, 0, 0, 2, 0.05, 2107, 118653
50147, 0, 1, 139, 139, 3, 10.96%, 0, 0, 2, 0.05, 2108, 118653
50166, 0, 1, 139, 139, 3, 10.96%, 0, 0, 2, 0.05, 2109, 118653
50184, 0, 1, 139, 139, 3, 10.96%, 0, 0, 2, 0.05, 2110, 118653
50445, 0, 1, 140, 140, 3, 10.96%, 0, 0, 2, 0.05, 2123, 118653
50707, 0, 1, 141, 141, 3, 10.96%, 0, 0, 2, 0.05, 2136, 118654
50731, 0, 1, 141, 141, 3, 10.96%, 0, 0, 2, 0.05, 2137, 118654
50750, 0, 1, 141, 141, 3, 10.96%, 0, 0, 2, 0.05, 2138, 118654
50769, 0, 1, 141, 141, 3, 10.96%, 0, 0, 2, 0.05, 2139, 118654
50788, 0, 1, 141, 141, 3, 10.96%, 0, 0, 2, 0.05, 2140, 118654
50818, 0, 1, 141, 141, 3, 10.96%, 0, 0, 2, 0.05, 2141, 118654
50838, 0, 1, 141, 141, 3, 10.96%, 0, 0, 2, 0.05, 2142, 118654
50857, 0, 1, 141, 141, 3, 10.96%, 0, 0, 2, 0.05, 2143, 118654
50876, 0, 1, 141, 141, 3, 10.96%, 0, 0, 2, 0.05, 2144, 118654
50895, 0, 1, 141, 141, 3, 10.96%, 0, 0, 2, 0.05, 2145, 118654
50914, 0, 1, 141, 141, 3, 10.96%, 0, 0, 2, 0.05, 2146, 118654
50933, 0, 1, 141, 141, 3, 10.96%, 0, 0, 2, 0.05, 2147, 118654
50952, 0, 1, 141, 141, 3, 10.96%, 0, 0, 2, 0.05, 2148, 118654
50971, 0, 1, 141, 141, 3, 10.96%, 0, 0, 2, 0.05, 2149, 118654
51240, 0, 1, 142, 142, 3, 10.96%, 0, 0, 2, 0.05, 2162, 118654
51259, 0, 1, 142, 142, 3, 10.96%, 0, 0, 2, 0.05, 2163, 118654
51278, 0, 1, 142, 142, 3, 10.96%, 0, 0, 2, 0.05, 2164, 118654
51300, 0, 1, 142, 142, 3, 10.96%, 0, 0, 2, 0.05, 2165, 118654
51318, 0, 1, 142, 142, 3, 10.96%, 0, 0, 2, 0.05, 2166, 118654
51663, 0, 1, 143, 143, 3, 10.96%, 0, 0, 2, 0.05, 2179, 118654
51913, 0, 1, 144, 144, 3, 10.96%, 0, 0, 2, 0.05, 2192, 118679
51932, 0, 1, 144, 144, 3, 10.96%, 0, 0, 2, 0.05, 2193, 118679
51962, 0, 1, 144, 144, 3, 10.96%, 0, 0, 2, 0.05, 2194, 118679
51981, 0, 1, 144, 144, 3, 10.96%, 0, 0, 2, 0.05, 2195, 118679
52000, 0, 1, 144, 144, 3, 10.96%, 0, 0, 2, 0.05, 2196, 118679
52020, 0, 1, 144, 144, 3, 10.96%, 0, 0, 2, 0.05, 2197, 118679
52272, 0, 1, 145, 145, 3, 10.96%, 0, 0, 2, 0.05, 2210, 118697
52291, 0, 1, 145, 145, 3, 10.96%, 0, 0, 2, 0.05, 2211, 118697
52310, 0, 1, 145, 145, 3, 10.96%, 0, 0, 2, 0.05, 2212, 118697
52329, 0, 1, 145, 145, 3, 10.96%, 0, 0, 2, 0.05, 2213, 118697
52348, 0, 1, 145, 145, 3, 10.96%, 0, 0, 2, 0.05, 2214, 118697
52367, 0, 1, 145, 145, 3, 10.96%, 0, 0, 2, 0.05, 2215, 118697
52387, 0, 1, 145, 145, 3, 10.96%, 0, 0, 2, 0.05, 2216, 118697
52406, 0, 1, 145, 145, 3, 10.96%, 0, 0, 2, 0.05, 2217, 118697
52658, 0, 1, 146, 146, 3, 10.97%, 0, 0, 2, 0.05, 2230, 118698
52678, 0, 1, 146, 146, 3, 10.97%, 0, 0, 2, 0.05, 2231, 118698
52697, 0, 1, 146, 146, 3, 10.97%, 0, 0, 2, 0.05, 2232, 118698
52715, 0, 1, 146, 146, 3, 10.97%, 0, 0, 2, 0.05, 2233, 118698
52735, 0, 1, 146, 146, 3, 10.97%, 0, 0, 2, 0.05, 2234, 118698
52766, 0, 1, 146, 146, 3, 10.97%, 0, 0, 2, 0.05, 2235, 118698
52786, 0, 1, 146, 146, 3, 10.97%, 0, 0, 2, 0.05, 2236, 118698
52926, 0, 1, 147, 147, 3, 10.97%, 0, 0, 2, 0.05, 2238, 118698
53026, 0, 1, 147, 147, 3, 10.97%, 0, 1, 2, 0.05, 2239, 118698
53126, 0, 1, 147, 147, 3, 10.97%, 0, 2, 2, 0.04, 2240, 118698
53226, 0, 1, 147, 147, 3, 10.97%, 0, 3, 2, 0.04, 2241, 118698
53327, 0, 1, 147, 147, 3, 10.97%, 0, 4, 2, 0.04, 2242, 118698
53427, 0, 1, 147, 147, 3, 10.97%, 0, 5, 2, 0.04, 2243, 118698
53527, 0, 1, 147, 147, 3, 10.97%, 0, 6, 2, 0.04, 2244, 118698
53627, 0, 1, 147, 147, 3, 10.97%, 0, 6, 2, 0.03, 2245, 118698
53727, 0, 1, 147, 147, 3, 10.97%, 0, 7, 2, 0.03, 2246, 118698
53732, 0, 1, 147, 147, 3, 10.97%, 1, 7, 2, 3.75, 2265, 118698
53738, 0, 1, 147, 147, 3, 10.97%, 1, 7, 2, 5.29, 2297, 118698
53743, 0, 1, 147, 147, 3, 10.97%, 1, 7, 2, 5.91, 2329, 118698
53748, 0, 1, 147, 147, 3, 10.97%, 1, 7, 2, 6.16, 2362, 118698
53753, 0, 1, 147, 147, 3, 10.97%, 1, 7, 2, 6.08, 2394, 118698
53759, 0, 1, 147, 147, 3, 10.97%, 1, 7, 2, 6.15, 2426, 118698
53764, 0, 1, 147, 147, 3, 10.97%, 1, 7, 2, 6.04, 2456, 118698
53769, 0, 1, 147, 147, 3, 10.97%, 1, 7, 2, 6.07, 2488, 118698
53774, 0, 1, 147, 147, 3, 10.97%, 1, 7, 2, 6.12, 2520, 118698
53779, 0, 1, 147, 147, 3, 10.97%, 1, 7, 2, 6.14, 2552, 118698
53784, 0, 1, 147, 147, 3, 10.97%, 1, 7, 2, 6.24, 2584, 118698
53790, 0, 1, 147, 147, 3, 10.97%, 1, 7, 2, 6.12, 2616, 118698
53795, 0, 1, 147, 147, 3, 10.97%, 1, 7, 2, 6.09, 2648, 118698
53800, 0, 1, 147, 147, 3, 10.97%, 1, 7, 2, 6.30, 2680, 118698
53805, 0, 1, 147, 147, 3, 10.97%, 1, 7, 2, 6.21, 2712, 118698
53810, 0, 1, 147, 147, 3, 10.97%, 1, 7, 2, 6.07, 2743, 118698
53816, 0, 1, 147, 147, 3, 10.97%, 1, 7, 2, 6.04, 2775, 118698
53821, 0, 1, 147, 147, 3, 10.97%, 1, 7, 2, 5.99, 2806, 118698
53826, 0, 1, 147, 147, 3, 10.97%, 1, 7, 2, 6.12, 2838, 118698
53831, 0, 1, 147, 147, 3, 10.97%, 1, 7, 2, 6.19, 2870, 118698
53836, 0, 1, 147, 147, 3, 10.97%, 1, 7, 2, 6.26, 2902, 118698
53842, 0, 1, 147, 147, 3, 10.97%, 1, 7, 2, 6.16, 2934, 118698
53847, 0, 1, 147, 147, 3, 10.97%, 1, 7, 2, 6.05, 2964, 118698
53852, 0, 1, 147, 147, 3, 10.97%, 1, 7, 2, 6.26, 2996, 118698
53857, 0, 1, 147, 147, 3, 10.97%, 1, 7, 2, 6.23, 3028, 118698
53862, 0, 1, 147, 147, 3, 10.97%, 1, 7, 2, 6.29, 3060, 118698
53867, 0, 1, 147, 147, 3, 10.97%, 1, 7, 2, 6.19, 3092, 118698
53872, 0, 1, 147, 147, 3, 10.97%, 1, 7, 2, 6.12, 3124, 118698
53877, 0, 1, 147, 147, 3, 10.97%, 1, 7, 2, 6.03, 3154, 118698
53883, 0, 1, 147, 147, 3, 10.97%, 1, 7, 2, 6.16, 3186, 118698
53888, 0, 1, 147, 147, 3, 10.97%, 1, 7, 2, 6.11, 3218, 118698
53893, 0, 1, 147, 147, 3, 10.97%, 1, 7, 2, 6.13, 3250, 118698
53898, 0, 1, 147, 147, 3, 10.97%, 1, 7, 2, 6.26, 3282, 118698
53903, 0, 1, 147, 147, 3, 10.97%, 1, 7, 2, 6.04, 3312, 118698
53908, 0, 1, 147, 147, 3, 10.97%, 1, 7, 2, 6.04, 3342, 118698
53913, 0, 1, 147, 147, 3, 10.97%, 1, 7, 2, 6.07, 3374, 118698
53919, 0, 1, 147, 147, 3, 10.97%, 1, 7, 2, 6.20, 3406, 118698
53924, 0, 1, 147, 147, 3, 10.97%, 1, 7, 2, 6.19, 3438, 118698
53929, 0, 1, 147, 147, 3, 10.97%, 1, 7, 2, 6.16, 3470, 118698
53934, 0, 1, 147, 147, 3, 10.97%, 1, 7, 2, 6.01, 3500, 118698
53939, 0, 1, 147, 147, 3, 10.97%, 1, 7, 2, 6.08, 3532, 118698
53944, 0, 1, 147, 147, 3, 10.97%, 1, 7, 2, 6.07, 3563, 118698
53950, 0, 1, 147, 147, 3, 10.97%, 1, 7, 2, 6.10, 3595, 118698
53955, 0, 1, 147, 147, 3, 10.97%, 1, 7, 2, 6.13, 3626, 118698
53960, 0, 1, 147, 147, 3, 10.97%, 1, 7, 2, 6.05, 3657, 118698
53965, 0, 1, 147, 147, 3, 10.97%, 1, 7, 2, 5.77, 3686, 118698
53970, 0, 1, 147, 147, 3, 10.97%, 1, 7, 2, 4.18, 3704, 118698
53975, 0, 1, 147, 147, 3, 10.97%, 1, 7, 2, 5.35, 3735, 118698
53980, 0, 1, 147, 147, 3, 10.97%, 1, 7, 2, 5.85, 3767, 118698
53986, 0, 1, 147, 147, 3, 10.97%, 1, 7, 2, 6.03, 3799, 118698
53991, 0, 1, 147, 147, 3, 10.97%, 1, 7, 2, 6.03, 3831, 118698
53996, 0, 1, 147, 147, 3, 10.97%, 1, 7, 2, 6.13, 3863, 118698
54001, 0, 1, 147, 147, 3, 10.97%, 1, 7, 2, 6.59, 3897, 118698
54007, 0, 1, 147, 147, 3, 10.97%, 1, 7, 2, 6.80, 3933, 118698
54012, 0, 1, 147, 147, 3, 10.97%, 1, 7, 2, 6.84, 3969, 118698
54017, 0, 1, 147, 147, 3, 10.97%, 1, 7, 2, 6.67, 4003, 118698
54022, 0, 1, 147, 147, 3, 10.97%, 1, 7, 2, 6.83, 4039, 118698
54027, 0, 1, 147, 147, 3, 10.97%, 1, 7, 2, 6.98, 4075, 118698
54033, 0, 1, 147, 147, 3, 10.97%, 1, 7, 2, 6.97, 4111, 118698
54038, 0, 1, 147, 147, 3, 10.97%, 1, 7, 2, 6.79, 4145, 118698
54043, 0, 1, 147, 147, 3, 10.97%, 1, 7, 2, 6.63, 4179, 118698
54048, 0, 1, 147, 147, 3, 10.97%, 1, 7, 2, 7.00, 4215, 118698
54053, 0, 1, 147, 147, 3, 10.97%, 1, 7, 2, 6.99, 4251, 118698
54058, 0, 1, 147, 147, 3, 10.97%, 1, 7, 2, 6.85, 4287, 118698
54064, 0, 1, 147, 147, 3, 10.97%, 1, 7, 2, 6.66, 4321, 118698
54069, 0, 1, 147, 147, 3, 10.97%, 1, 7, 2, 6.57, 4355, 118698
54074, 0, 1, 147, 147, 3, 10.97%, 1, 7, 2, 6.65, 4390, 118698
54079, 0, 1, 147, 147, 3, 10.97%, 1, 7, 2, 6.69, 4424, 118698
54084, 0, 1, 147, 147, 3, 10.97%, 1, 7, 2, 6.64, 4458, 118698
54089, 0, 1, 147, 147, 3, 10.97%, 1, 7, 2, 6.65, 4492, 118698
54094, 0, 1, 147, 147, 3, 10.97%, 1, 7, 2, 6.68, 4526, 118698
54100, 0, 1, 147, 147, 3, 10.97%, 1, 7, 2, 6.91, 4562, 118698
54105, 0, 1, 147, 147, 3, 10.97%, 1, 7, 2, 6.93, 4598, 118698
54110, 0, 1, 147, 147, 3, 10.97%, 1, 7, 2, 6.97, 4634, 118698
54115, 0, 1, 147, 147, 3, 10.97%, 1, 7, 2, 6.82, 4668, 118698
54120, 0, 1, 147, 147, 3, 10.97%, 1, 7, 2, 6.78, 4702, 118698
54125, 0, 1, 147, 147, 3, 10.97%, 1, 7, 2, 6.91, 4738, 118698
54130, 0, 1, 147, 147, 3, 10.97%, 1, 7, 2, 6.98, 4774, 118698
54136, 0, 1, 147, 147, 3, 10.97%, 1, 7, 2, 6.99, 4810, 118698
54141, 0, 1, 147, 147, 3, 10.97%, 1, 7, 2, 6.76, 4844, 118698
54146, 0, 1, 147, 147, 3, 10.97%, 1, 7, 2, 6.76, 4878, 118698
54151, 0, 1, 147, 147, 3, 10.97%, 1, 7, 2, 6.75, 4912, 118698
54156, 0, 1, 147, 147, 3, 10.97%, 1, 7, 2, 6.72, 4946, 118698
54161, 0, 1, 147, 147, 3, 10.97%, 1, 7, 2, 6.73, 4980, 118698
54166, 0, 1, 147, 147, 3, 10.97%, 1, 7, 2, 6.55, 5014, 118698
54171, 0, 1, 147, 147, 3, 10.97%, 1, 7, 2, 6.64, 5048, 118698
54177, 0, 1, 147, 147, 3, 10.97%, 1, 7, 2, 6.88, 5084, 118698
54182, 0, 1, 147, 147, 3, 10.97%, 1, 7, 2, 6.75, 5118, 118698
54187, 0, 1, 147, 147, 3, 10.97%, 1, 7, 2, 6.72, 5152, 118698
54192, 0, 1, 147, 147, 3, 10.97%, 1, 7, 2, 6.58, 5186, 118698
54197, 0, 1, 147, 147, 3, 10.97%, 1, 7, 2, 6.69, 5220, 118698
54202, 0, 1, 147, 147, 3, 10.97%, 1, 7, 2, 6.70, 5254, 118698
54207, 0, 1, 147, 147, 3, 10.97%, 1, 7, 2, 6.76, 5288, 118698
54212, 0, 1, 147, 147, 3, 10.97%, 1, 7, 2, 6.97, 5324, 118698
54217, 0, 1, 147, 147, 3, 10.97%, 1, 7, 2, 6.64, 5358, 118698
54223, 0, 1, 147, 147, 3, 10.97%, 1, 7, 2, 6.91, 5394, 118698
54228, 0, 1, 147, 147, 3, 10.97%, 1, 7, 2, 7.02, 5430, 118698
54233, 0, 1, 147, 147, 3, 10.97%, 1, 7, 2, 6.77, 5464, 118698
54238, 0, 1, 147, 147, 3, 10.97%, 1, 7, 2, 6.72, 5498, 118698
54243, 0, 1, 147, 147, 3, 10.97%, 1, 7, 2, 6.70, 5532, 118698
54248, 0, 1, 147, 147, 3, 10.97%, 1, 7, 2, 6.92, 5568, 118698
54253, 0, 1, 147, 147, 3, 10.97%, 1, 7, 2, 6.97, 5604, 118698
54259, 0, 1, 147, 147, 3, 10.97%, 1, 7, 2, 6.79, 5638, 118698
54264, 0, 1, 147, 147, 3, 10.97%, 1, 7, 2, 6.71, 5674, 118698
54269, 0, 1, 147, 147, 3, 10.97%, 1, 7, 2, 6.74, 5708, 118698
54274, 0, 1, 147, 147, 3, 10.97%, 1, 7, 2, 6.90, 5744, 118698
54279, 0, 1, 147, 147, 3, 10.97%, 1, 7, 2, 6.96, 5780, 118698
54284, 0, 1, 147, 147, 3, 10.97%, 1, 7, 2, 6.97, 5816, 118698
54290, 0, 1, 147, 147, 3, 10.97%, 1, 7, 2, 6.72, 5850, 118698
54295, 0, 1, 147, 147, 3, 10.97%, 1, 7, 2, 6.79, 5884, 118698
54300, 0, 1, 147, 147, 3, 10.97%, 1, 7, 2, 7.00, 5920, 118698
54305, 0, 1, 147, 147, 3, 10.97%, 1, 7, 2, 6.88, 5956, 118698
54310, 0, 1, 147, 147, 3, 10.97%, 1, 7, 2, 6.84, 5990, 118698
54315, 0, 1, 147, 147, 3, 10.97%, 1, 7, 2, 6.66, 6024, 118698
54320, 0, 1, 147, 147, 3, 10.97%, 1, 7, 2, 6.87, 6060, 118698
54325, 0, 1, 147, 147, 3, 10.97%, 1, 7, 2, 7.08, 6096, 118698
54330, 0, 1, 147, 147, 3, 10.97%, 1, 7, 2, 6.86, 6130, 118698
54335, 0, 1, 147, 147, 3, 10.97%, 1, 7, 2, 6.80, 6164, 118698
54341, 0, 1, 147, 147, 3, 10.97%, 1, 7, 2, 6.63, 6198, 118698
54346, 0, 1, 147, 147, 3, 10.97%, 1, 7, 2, 6.86, 6234, 118698
54351, 0, 1, 147, 147, 3, 10.97%, 1, 7, 2, 7.03, 6270, 118698
54356, 0, 1, 147, 147, 3, 10.97%, 1, 7, 2, 6.99, 6306, 118698
54361, 0, 1, 147, 147, 3, 10.97%, 1, 7, 2, 7.14, 6342, 118698
54366, 0, 1, 147, 147, 3, 10.97%, 1, 7, 2, 6.72, 6376, 118698
54372, 0, 1, 147, 147, 3, 10.97%, 1, 7, 2, 6.72, 6410, 118698
54377, 0, 1, 147, 147, 3, 10.97%, 1, 7, 2, 6.75, 6444, 118698
54382, 0, 1, 147, 147, 3, 10.97%, 1, 7, 2, 6.85, 6480, 118698
54387, 0, 1, 147, 147, 3, 10.97%, 1, 7, 2, 7.05, 6516, 118698
54392, 0, 1, 147, 147, 3, 10.97%, 1, 7, 2, 6.75, 6550, 118698
54397, 0, 1, 147, 147, 3, 10.97%, 1, 7, 2, 6.89, 6586, 118698
54402, 0, 1, 147, 147, 3, 10.97%, 1, 7, 2, 7.10, 6622, 118698
54407, 0, 1, 147, 147, 3, 10.97%, 1, 7, 2, 6.87, 6656, 118698
54413, 0, 1, 147, 147, 3, 10.97%, 1, 7, 2, 7.05, 6692, 118698
54418, 0, 1, 147, 147, 3, 10.97%, 1, 7, 2, 6.76, 6726, 118698
54423, 0, 1, 147, 147, 3, 10.97%, 1, 7, 2, 6.76, 6760, 118698
54428, 0, 1, 147, 147, 3, 10.97%, 1, 7, 2, 6.81, 6796, 118698
54433, 0, 1, 147, 147, 3, 10.97%, 1, 7, 2, 6.74, 6830, 118698
54438, 0, 1, 147, 147, 3, 10.97%, 1, 7, 2, 6.80, 6864, 118698
54443, 0, 1, 147, 147, 3, 10.97%, 1, 7, 2, 6.70, 6898, 118698
54448, 0, 1, 147, 147, 3, 10.97%, 1, 7, 2, 7.00, 6934, 118698
54453, 0, 1, 147, 147, 3, 10.97%, 1, 7, 2, 7.09, 6970, 118698
54459, 0, 1, 147, 147, 3, 10.97%, 1, 7, 2, 7.09, 7006, 118698
54464, 0, 1, 147, 147, 3, 10.97%, 1, 7, 2, 7.12, 7042, 118698
54469, 0, 1, 147, 147, 3, 10.97%, 1, 7, 2, 6.91, 7078, 118698
54474, 0, 56, 147, 146, 45, 10.97%, 1, 7, 2, 6.78, 7112, 118698
54479, 0, 56, 147, 146, 45, 10.97%, 1, 7, 2, 6.78, 7146, 118698
54484, 0, 56, 147, 146, 45, 10.97%, 1, 7, 2, 6.88, 7182, 118698
54489, 0, 56, 147, 146, 45, 10.97%, 1, 7, 2, 6.81, 7216, 118698
54494, 0, 56, 147, 146, 45, 10.97%, 1, 7, 2, 7.01, 7252, 118698
54499, 0, 56, 147, 146, 45, 10.97%, 1, 7, 2, 7.15, 7288, 118698
54504, 0, 80, 147, 145, 44, 10.97%, 1, 7, 2, 6.87, 7322, 118698
54510, 0, 80, 147, 145, 44, 10.97%, 1, 7, 2, 7.41, 7360, 118698
54515, 0, 80, 147, 145, 44, 10.97%, 1, 7, 2, 7.54, 7398, 118698
54520, 0, 80, 147, 145, 44, 10.97%, 1, 7, 2, 7.81, 7438, 118698
54525, 0, 80, 147, 145, 44, 10.97%, 1, 7, 2, 7.73, 7478, 118698
54530, 0, 80, 147, 145, 44, 10.97%, 1, 7, 2, 7.84, 7518, 118698
54535, 0, 139, 147, 144, 43, 10.97%, 1, 7, 2, 7.83, 7558, 118698
54540, 0, 139, 147, 144, 43, 10.97%, 1, 7, 2, 7.75, 7598, 118698
54546, 0, 139, 147, 144, 43, 10.97%, 1, 7, 2, 7.78, 7638, 118698
54551, 0, 139, 147, 144, 43, 10.97%, 1, 7, 2, 7.79, 7678, 118698
54556, 0, 139, 147, 144, 43, 10.97%, 1, 7, 2, 7.76, 7718, 118698
54561, 0, 144, 147, 143, 42, 10.97%, 1, 7, 2, 7.75, 7758, 118698
54566, 0, 144, 147, 143, 42, 10.97%, 1, 7, 2, 7.83, 7798, 118698
54571, 0, 144, 147, 143, 42, 10.97%, 1, 7, 2, 7.83, 7838, 118698
54576, 0, 144, 147, 143, 42, 10.97%, 1, 7, 2, 7.81, 7878, 118698
54582, 0, 144, 147, 143, 42, 10.97%, 1, 7, 2, 7.20, 7914, 118698
54587, 0, 144, 147, 143, 42, 10.97%, 1, 7, 2, 6.91, 7948, 118698
54592, 0, 57, 147, 142, 41, 10.97%, 1, 7, 2, 6.75, 7982, 118698
54597, 0, 57, 147, 142, 41, 10.97%, 1, 7, 2, 6.92, 8018, 118698
54602, 0, 57, 147, 142, 41, 10.97%, 1, 7, 2, 6.98, 8054, 118698
54607, 0, 57, 147, 142, 41, 10.97%, 1, 7, 2, 6.86, 8090, 118698
54612, 0, 57, 147, 142, 41, 10.97%, 1, 7, 2, 6.80, 8124, 118698
54618, 0, 57, 147, 142, 41, 10.97%, 1, 7, 2, 6.69, 8158, 118698
54623, 0, 57, 147, 142, 41, 10.97%, 1, 7, 2, 7.00, 8194, 118698
54628, 0, 112, 147, 141, 40, 10.97%, 1, 7, 2, 6.99, 8230, 118698
54633, 0, 112, 147, 141, 40, 10.97%, 1, 7, 2, 6.83, 8264, 118698
54638, 0, 112, 147, 141, 40, 10.97%, 1, 7, 2, 6.70, 8298, 118698
54643, 0, 112, 147, 141, 40, 10.97%, 1, 7, 2, 6.76, 8332, 118698
54648, 0, 112, 147, 141, 40, 10.97%, 1, 7, 2, 7.06, 8368, 118698
54653, 0, 112, 147, 141, 40, 10.97%, 1, 7, 2, 7.02, 8404, 118698
54658, 0, 131, 147, 140, 39, 10.97%, 1, 7, 2, 6.84, 8438, 118698
54663, 0, 131, 147, 140, 39, 10.97%, 1, 7, 2, 6.74, 8472, 118698
54668, 0, 131, 147, 140, 39, 10.97%, 1, 7, 2, 6.69, 8506, 118698
54674, 0, 131, 147, 140, 39, 10.97%, 1, 7, 2, 6.84, 8542, 118698
54679, 0, 131, 147, 140, 39, 10.97%, 1, 7, 2, 6.94, 8578, 118698
54684, 0, 131, 147, 140, 39, 10.97%, 1, 7, 2, 6.80, 8612, 118698
54689, 0, 131, 147, 140, 39, 10.97%, 1, 7, 2, 7.03, 8648, 118698
54694, 0, 119, 147, 139, 38, 10.97%, 1, 7, 2, 6.77, 8682, 118698
54699, 0, 119, 147, 139, 38, 10.97%, 1, 7, 2, 6.97, 8718, 118698
54704, 0, 119, 147, 139, 38, 10.97%, 1, 7, 2, 7.03, 8754, 118698
54710, 0, 119, 147, 139, 38, 10.97%, 1, 7, 2, 6.94, 8790, 118698
54715, 0, 119, 147, 139, 38, 10.97%, 1, 7, 2, 4.91, 8812, 118698
54720, 0, 119, 147, 139, 38, 10.97%, 1, 7, 2, 4.66, 8832, 118698
54725, 0, 119, 147, 139, 38, 10.97%, 1, 7, 2, 6.26, 8868, 118698
54730, 0, 97, 147, 138, 37, 10.97%, 1, 7, 2, 6.65, 8904, 118698
54735, 0, 97, 147, 138, 37, 10.97%, 1, 7, 2, 6.71, 8938, 118698
54740, 0, 97, 147, 138, 37, 10.97%, 1, 7, 2, 7.04, 8974, 118698
54746, 0, 97, 147, 138, 37, 10.97%, 1, 7, 2, 6.78, 9008, 118698
54751, 0, 97, 147, 138, 37, 10.97%, 1, 7, 2, 6.87, 9044, 118698
54756, 0, 97, 147, 138, 37, 10.97%, 1, 7, 2, 6.99, 9080, 118698
54761, 0, 97, 147, 138, 37, 10.97%, 1, 7, 2, 6.94, 9116, 118698
54766, 0, 46, 147, 137, 36, 10.97%, 1, 7, 2, 7.05, 9152, 118698
54771, 0, 46, 147, 137, 36, 10.97%, 1, 7, 2, 6.78, 9186, 118698
54776, 0, 46, 147, 137, 36, 10.97%, 1, 7, 2, 6.77, 9220, 118698
54782, 0, 46, 147, 137, 36, 10.97%, 1, 7, 2, 6.85, 9256, 118698
54787, 0, 46, 147, 137, 36, 10.97%, 1, 7, 2, 6.94, 9292, 118698
54792, 0, 46, 147, 137, 36, 10.97%, 1, 7, 2, 7.11, 9328, 118698
54797, 0, 52, 147, 136, 35, 10.97%, 1, 7, 2, 6.84, 9362, 118698
54802, 0, 52, 147, 136, 35, 10.97%, 1, 7, 2, 6.97, 9398, 118698
54807, 0, 52, 147, 136, 35, 10.97%, 1, 7, 2, 6.97, 9434, 118698
54813, 0, 52, 147, 136, 35, 10.97%, 1, 7, 2, 6.91, 9470, 118698
54818, 0, 52, 147, 136, 35, 10.97%, 1, 7, 2, 7.10, 9506, 118698
54823, 0, 52, 147, 136, 35, 10.97%, 1, 7, 2, 6.84, 9542, 118698
54828, 0, 52, 147, 136, 35, 10.97%, 1, 7, 2, 7.02, 9578, 118698
54833, 0, 122, 147, 135, 34, 10.97%, 1, 7, 2, 6.94, 9614, 118698
54838, 0, 122, 147, 135, 34, 10.97%, 1, 7, 2, 6.70, 9648, 118698
54844, 0, 122, 147, 135, 34, 10.97%, 1, 7, 2, 6.69, 9682, 118698
54849, 0, 122, 147, 135, 34, 10.97%, 1, 7, 2, 6.63, 9716, 118698
54854, 0, 122, 147, 135, 34, 10.97%, 1, 7, 2, 6.89, 9752, 118698
54859, 0, 122, 147, 135, 34, 10.97%, 1, 7, 2, 7.03, 9788, 118698
54864, 0, 109, 147, 134, 33, 10.97%, 1, 7, 2, 6.96, 9824, 118698
54869, 0, 109, 147, 134, 33, 10.97%, 1, 7, 2, 7.06, 9860, 118698
54875, 0, 109, 147, 134, 33, 10.97%, 1, 7, 2, 6.91, 9896, 118698
54880, 0, 109, 147, 134, 33, 10.97%, 1, 7, 2, 6.85, 9930, 118698
54885, 0, 109, 147, 134, 33, 10.97%, 1, 7, 2, 7.02, 9966, 118698
54890, 0, 109, 147, 134, 33, 10.97%, 1, 7, 2, 7.01, 10002, 118698
54895, 0, 109, 147, 134, 33, 10.97%, 1, 7, 2, 6.89, 10036, 118698
54900, 0, 134, 147, 133, 32, 10.97%, 1, 7, 2, 6.83, 10072, 118698
54905, 0, 134, 147, 133, 32, 10.97%, 1, 7, 2, 6.85, 10106, 118698
54910, 0, 134, 147, 133, 32, 10.97%, 1, 7, 2, 6.76, 10140, 118698
54915, 0, 134, 147, 133, 32, 10.97%, 1, 7, 2, 6.78, 10176, 118698
54921, 0, 134, 147, 133, 32, 10.97%, 1, 7, 2, 6.78, 10210, 118698
54926, 0, 134, 147, 133, 32, 10.97%, 1, 7, 2, 6.90, 10246, 118698
54931, 0, 9, 147, 132, 31, 10.97%, 1, 7, 2, 6.91, 10282, 118698
54936, 0, 9, 147, 132, 31, 10.97%, 1, 7, 2, 6.98, 10318, 118698
54941, 0, 9, 147, 132, 31, 10.97%, 1, 7, 2, 6.96, 10354, 118698
54946, 0, 9, 147, 132, 31, 10.97%, 1, 7, 2, 7.00, 10390, 118698
54951, 0, 9, 147, 132, 31, 10.97%, 1, 7, 2, 6.97, 10426, 118698
54957, 0, 9, 147, 132, 31, 10.97%, 1, 7, 2, 6.73, 10460, 118698
54962, 0, 9, 147, 132, 31, 10.97%, 1, 7, 2, 6.87, 10496, 118698
54967, 0, 74, 147, 131, 30, 10.97%, 1, 7, 2, 7.03, 10532, 118698
54972, 0, 74, 147, 131, 30, 10.97%, 1, 7, 2, 6.82, 10566, 118698
54977, 0, 74, 147, 131, 30, 10.97%, 1, 7, 2, 6.97, 10602, 118698
54982, 0, 74, 147, 131, 30, 10.97%, 1, 7, 2, 6.78, 10636, 118698
54987, 0, 74, 147, 131, 30, 10.97%, 1, 7, 2, 6.82, 10672, 118698
54993, 0, 74, 147, 131, 30, 10.97%, 1, 7, 2, 6.98, 10708, 118698
54998, 0, 98, 147, 130, 29, 10.97%, 1, 7, 2, 6.85, 10742, 118698
55003, 0, 98, 147, 130, 29, 10.97%, 1, 7, 2, 6.89, 10778, 118698
55008, 0, 98, 147, 130, 29, 10.97%, 1, 7, 2, 6.75, 10812, 118698
55013, 0, 98, 147, 130, 29, 10.97%, 1, 7, 2, 6.89, 10848, 118698
55018, 0, 98, 147, 130, 29, 10.97%, 1, 7, 2, 6.85, 10882, 118698
55023, 0, 98, 147, 130, 29, 10.97%, 1, 7, 2, 6.90, 10918, 118698
55029, 0, 83, 147, 129, 28, 10.97%, 1, 7, 2, 6.66, 10952, 118698
55034, 0, 83, 147, 129, 28, 10.97%, 1, 7, 2, 6.62, 10986, 118698
55039, 0, 83, 147, 129, 28, 10.97%, 1, 7, 2, 6.67, 11020, 118698
55044, 0, 83, 147, 129, 28, 10.97%, 1, 7, 2, 6.93, 11056, 118698
55049, 0, 83, 147, 129, 28, 10.97%, 1, 7, 2, 6.68, 11090, 118698
55055, 0, 83, 147, 129, 28, 10.97%, 1, 7, 2, 6.80, 11126, 118698
55060, 0, 83, 147, 129, 28, 10.97%, 1, 7, 2, 6.78, 11160, 118698
55065, 0, 102, 147, 128, 27, 10.97%, 1, 7, 2, 6.65, 11194, 118698
55070, 0, 102, 147, 128, 27, 10.97%, 1, 7, 2, 6.96, 11230, 118698
55075, 0, 102, 147, 128, 27, 10.97%, 1, 7, 2, 6.58, 11264, 118698
55080, 0, 102, 147, 128, 27, 10.97%, 1, 7, 2, 6.64, 11298, 118698
55085, 0, 102, 147, 128, 27, 10.97%, 1, 7, 2, 6.71, 11332, 118698
55091, 0, 102, 147, 128, 27, 10.97%, 1, 7, 2, 6.84, 11368, 118698
55096, 0, 102, 147, 128, 27, 10.97%, 1, 7, 2, 7.00, 11404, 118698
55101, 0, 64, 147, 127, 26, 10.97%, 1, 7, 2, 6.86, 11440, 118698
55106, 0, 64, 147, 127, 26, 10.97%, 1, 7, 2, 6.86, 11474, 118698
55111, 0, 64, 147, 127, 26, 10.97%, 1, 7, 2, 6.98, 11510, 118698
55116, 0, 64, 147, 127, 26, 10.97%, 1, 7, 2, 6.73, 11544, 118698
55121, 0, 64, 147, 127, 26, 10.97%, 1, 7, 2, 6.64, 11578, 118698
55127, 0, 64, 147, 127, 26, 10.97%, 1, 7, 2, 6.66, 11612, 118698
55132, 0, 59, 147, 126, 25, 10.97%, 1, 7, 2, 6.81, 11648, 118698
55137, 0, 59, 147, 126, 25, 10.97%, 1, 7, 2, 6.80, 11682, 118698
55142, 0, 59, 147, 126, 25, 10.97%, 1, 7, 2, 6.54, 11716, 118698
55147, 0, 59, 147, 126, 25, 10.97%, 1, 7, 2, 6.51, 11750, 118698
55153, 0, 59, 147, 126, 25, 10.97%, 1, 7, 2, 6.86, 11786, 118698
55158, 0, 59, 147, 126, 25, 10.97%, 1, 7, 2, 6.73, 11820, 118698
55163, 0, 59, 147, 126, 25, 10.97%, 1, 7, 2, 6.73, 11854, 118698
55168, 0, 108, 147, 125, 25, 10.97%, 1, 7, 2, 6.75, 11888, 118698
55173, 0, 108, 147, 125, 25, 10.97%, 1, 7, 2, 6.65, 11922, 118698
55178, 0, 108, 147, 125, 25, 10.97%, 1, 7, 2, 6.76, 11956, 118698
55183, 0, 108, 147, 125, 25, 10.97%, 1, 7, 2, 6.82, 11992, 118698
55188, 0, 108, 147, 125, 25, 10.97%, 1, 7, 2, 6.73, 12026, 118698
55194, 0, 108, 147, 125, 25, 10.97%, 1, 7, 2, 6.51, 12060, 118698
55199, 0, 108, 147, 125, 25, 10.97%, 1, 7, 2, 6.82, 12096, 118698
55204, 0, 62, 147, 124, 25, 10.97%, 1, 7, 2, 6.85, 12132, 118698
55209, 0, 62, 147, 124, 25, 10.97%, 1, 7, 2, 6.93, 12168, 118698
55215, 0, 62, 147, 124, 25, 10.97%, 1, 7, 2, 7.03, 12204, 118698
55220, 0, 62, 147, 124, 25, 10.97%, 1, 7, 2, 6.79, 12238, 118698
55225, 0, 62, 147, 124, 25, 10.97%, 1, 7, 2, 6.91, 12274, 118698
55230, 0, 62, 147, 124, 25, 10.97%, 1, 7, 2, 6.91, 12310, 118698
55235, 0, 93, 147, 123, 24, 10.97%, 1, 7, 2, 6.90, 12346, 118698
55240, 0, 93, 147, 123, 24, 10.97%, 1, 7, 2, 6.75, 12380, 118698
55246, 0, 93, 147, 123, 24, 10.97%, 1, 7, 2, 6.51, 12414, 118698
55251, 0, 93, 147, 123, 24, 10.97%, 1, 7, 2, 6.59, 12448, 118698
55256, 0, 93, 147, 123, 24, 10.97%, 1, 7, 2, 6.69, 12483, 118698
55261, 0, 93, 147, 123, 24, 10.97%, 1, 7, 2, 6.89, 12519, 118698
55266, 0, 93, 147, 123, 24, 10.97%, 1, 7, 2, 6.76, 12553, 118698
55271, 0, 43, 147, 122, 23, 10.97%, 1, 7, 2, 6.67, 12587, 118698
55276, 0, 43, 147, 122, 23, 10.97%, 1, 7, 2, 6.78, 12621, 118698
55281, 0, 43, 147, 122, 23, 10.97%, 1, 7, 2, 6.95, 12657, 118698
55287, 0, 43, 147, 122, 23, 10.97%, 1, 7, 2, 7.04, 12693, 118698
55292, 0, 43, 147, 122, 23, 10.97%, 1, 7, 2, 6.92, 12729, 118698
55297, 0, 43, 147, 122, 23, 10.97%, 1, 7, 2, 6.73, 12763, 118698
55302, 0, 43, 147, 122, 23, 10.97%, 1, 7, 2, 6.70, 12797, 118698
55307, 0, 116, 147, 121, 22, 10.97%, 1, 7, 2, 6.67, 12831, 118698
55313, 0, 116, 147, 121, 22, 10.97%, 1, 7, 2, 6.75, 12867, 118698
55318, 0, 116, 147, 121, 22, 10.97%, 1, 7, 2, 6.70, 12901, 118698
55323, 0, 116, 147, 121, 22, 10.97%, 1, 7, 2, 7.08, 12937, 118698
55328, 0, 116, 147, 121, 22, 10.97%, 1, 7, 2, 6.82, 12971, 118698
55333, 0, 116, 147, 121, 22, 10.97%, 1, 7, 2, 6.85, 13007, 118698
55338, 0, 19, 147, 120, 21, 10.97%, 1, 7, 2, 6.94, 13043, 118698
55343, 0, 19, 147, 120, 21, 10.97%, 1, 7, 2, 6.94, 13079, 118698
55349, 0, 19, 147, 120, 21, 10.97%, 1, 7, 2, 7.20, 13117, 118698
55354, 0, 19, 147, 120, 21, 10.97%, 1, 7, 2, 6.88, 13151, 118698
55359, 0, 19, 147, 120, 21, 10.97%, 1, 7, 2, 6.95, 13187, 118698
55364, 0, 19, 147, 120, 21, 10.97%, 1, 7, 2, 6.97, 13223, 118698
55369, 0, 19, 147, 120, 21, 10.97%, 1, 7, 2, 6.94, 13259, 118698
55374, 0, 45, 147, 119, 20, 10.97%, 1, 7, 2, 6.74, 13293, 118698
55380, 0, 45, 147, 119, 20, 10.97%, 1, 7, 2, 6.62, 13327, 118698
55385, 0, 45, 147, 119, 20, 10.97%, 1, 7, 2, 6.66, 13361, 118698
55390, 0, 45, 147, 119, 20, 10.97%, 1, 7, 2, 6.94, 13397, 118698
55395, 0, 45, 147, 119, 20, 10.97%, 1, 7, 2, 7.04, 13433, 118698
55400, 0, 45, 147, 119, 20, 10.97%, 1, 7, 2, 7.04, 13469, 118698
55405, 0, 111, 147, 118, 19, 10.97%, 1, 7, 2, 7.03, 13505, 118698
55410, 0, 111, 147, 118, 19, 10.97%, 1, 7, 2, 6.90, 13539, 118698
55415, 0, 111, 147, 118, 19, 10.97%, 1, 7, 2, 7.00, 13575, 118698
55420, 0, 111, 147, 118, 19, 10.97%, 1, 7, 2, 7.02, 13611, 118698
55426, 0, 111, 147, 118, 19, 10.97%, 1, 7, 2, 6.90, 13647, 118698
55431, 0, 111, 147, 118, 19, 10.97%, 1, 7, 2, 6.77, 13681, 118698
55436, 0, 111, 147, 118, 19, 10.97%, 1, 7, 2, 6.53, 13713, 118698
55441, 0, 140, 147, 117, 18, 10.97%, 1, 7, 2, 6.43, 13745, 118698
55446, 0, 140, 147, 117, 18, 10.97%, 1, 7, 2, 6.56, 13779, 118698
55451, 0, 140, 147, 117, 18, 10.97%, 1, 7, 2, 6.81, 13815, 118698
55456, 0, 140, 147, 117, 18, 10.97%, 1, 7, 2, 7.04, 13851, 118698
55462, 0, 140, 147, 117, 18, 10.97%, 1, 7, 2, 6.88, 13887, 118698
55467, 0, 140, 147, 117, 18, 10.97%, 1, 7, 2, 6.78, 13921, 118698
55472, 0, 36, 147, 116, 17, 10.97%, 1, 7, 2, 6.89, 13957, 118698
55477, 0, 36, 147, 116, 17, 10.97%, 1, 7, 2, 7.00, 13993, 118698
55482, 0, 36, 147, 116, 17, 10.97%, 1, 7, 2, 6.91, 14029, 118698
55487, 0, 36, 147, 116, 17, 10.97%, 1, 7, 2, 6.74, 14063, 118698
55493, 0, 36, 147, 116, 17, 10.97%, 1, 7, 2, 6.83, 14099, 118698
55498, 0, 36, 147, 116, 17, 10.97%, 1, 7, 2, 6.95, 14135, 118698
55503, 0, 36, 147, 116, 17, 10.97%, 1, 7, 2, 7.01, 14171, 118698
55508, 0, 24, 147, 115, 17, 10.97%, 1, 7, 2, 6.86, 14207, 118698
55513, 0, 24, 147, 115, 17, 10.97%, 1, 7, 2, 6.76, 14241, 118698
55519, 0, 24, 147, 115, 17, 10.97%, 1, 7, 2, 6.90, 14277, 118698
55524, 0, 24, 147, 115, 17, 10.97%, 1, 7, 2, 7.03, 14313, 118698
55529, 0, 24, 147, 115, 17, 10.97%, 1, 7, 2, 7.04, 14349, 118698
55534, 0, 24, 147, 115, 17, 10.97%, 1, 7, 2, 7.01, 14385, 118698
55539, 0, 48, 147, 114, 16, 10.97%, 1, 7, 2, 6.77, 14419, 118698
55544, 0, 48, 147, 114, 16, 10.97%, 1, 7, 2, 6.90, 14455, 118698
55549, 0, 48, 147, 114, 16, 10.97%, 1, 7, 2, 7.11, 14491, 118698
55555, 0, 48, 147, 114, 16, 10.97%, 1, 7, 2, 6.96, 14527, 118698
55560, 0, 48, 147, 114, 16, 10.97%, 1, 7, 2, 7.13, 14563, 118698
55565, 0, 48, 147, 114, 16, 10.97%, 1, 7, 2, 6.87, 14597, 118698
55570, 0, 8, 147, 113, 15, 10.97%, 1, 7, 2, 6.95, 14633, 118698
55575, 0, 8, 147, 113, 15, 10.97%, 1, 7, 2, 6.88, 14669, 118698
55580, 0, 8, 147, 113, 15, 10.97%, 1, 7, 2, 6.73, 14703, 118698
55585, 0, 8, 147, 113, 15, 10.97%, 1, 7, 2, 6.63, 14737, 118698
55590, 0, 8, 147, 113, 15, 10.97%, 1, 7, 2, 6.70, 14771, 118698
55596, 0, 8, 147, 113, 15, 10.97%, 1, 7, 2, 6.89, 14807, 118698
55601, 0, 25, 147, 112, 14, 10.97%, 1, 7, 2, 6.86, 14843, 118698
55606, 0, 25, 147, 112, 14, 10.97%, 1, 7, 2, 6.98, 14879, 118698
55611, 0, 25, 147, 112, 14, 10.97%, 1, 7, 2, 6.67, 14913, 118698
55616, 0, 25, 147, 112, 14, 10.97%, 1, 7, 2, 6.91, 14949, 118698
55621, 0, 25, 147, 112, 14, 10.97%, 1, 7, 2, 7.03, 14985, 118698
55627, 0, 25, 147, 112, 14, 10.97%, 1, 7, 2, 6.87, 15019, 118698
55632, 0, 25, 147, 112, 14, 10.97%, 1, 7, 2, 6.71, 15053, 118698
55637, 0, 100, 147, 111, 13, 10.97%, 1, 7, 2, 6.60, 15087, 118698
55642, 0, 100, 147, 111, 13, 10.97%, 1, 7, 2, 6.68, 15121, 118698
55647, 0, 100, 147, 111, 13, 10.97%, 1, 7, 2, 6.65, 15155, 118698
55652, 0, 100, 147, 111, 13, 10.97%, 1, 7, 2, 6.91, 15191, 118698
55657, 0, 100, 147, 111, 13, 10.97%, 1, 7, 2, 6.65, 15225, 118698
55663, 0, 100, 147, 111, 13, 10.97%, 1, 7, 2, 6.54, 15259, 118698
55668, 0, 100, 147, 111, 13, 10.97%, 1, 7, 2, 6.20, 15290, 118698
55673, 0, 0, 147, 110, 12, 10.97%, 1, 7, 2, 6.18, 15322, 118698
55678, 0, 0, 147, 110, 12, 10.97%, 1, 7, 2, 6.28, 15354, 118698
55683, 0, 0, 147, 110, 12, 10.97%, 1, 7, 2, 6.35, 15386, 118698
55688, 0, 0, 147, 110, 12, 10.97%, 1, 7, 2, 6.84, 15422, 118698
55693, 0, 0, 147, 110, 12, 10.97%, 1, 7, 2, 6.91, 15458, 118698
55699, 0, 0, 147, 110, 12, 10.97%, 1, 7, 2, 6.81, 15492, 118698
55704, 0, 0, 147, 110, 12, 10.97%, 1, 7, 2, 6.88, 15528, 118698
55709, 0, 0, 147, 110, 12, 10.97%, 1, 7, 2, 6.73, 15562, 118698
55714, 0, 0, 147, 110, 12, 10.97%, 1, 7, 2, 6.91, 15598, 118698
55719, 0, 61, 147, 109, 11, 10.97%, 1, 7, 2, 6.89, 15634, 118698
55724, 0, 61, 147, 109, 11, 10.97%, 1, 7, 2, 6.77, 15668, 118698
55730, 0, 61, 147, 109, 11, 10.97%, 1, 7, 2, 6.75, 15704, 118698
55735, 0, 61, 147, 109, 11, 10.97%, 1, 7, 2, 6.77, 15738, 118698
55740, 0, 61, 147, 109, 11, 10.97%, 1, 7, 2, 6.91, 15774, 118698
55745, 0, 61, 147, 109, 11, 10.97%, 1, 7, 2, 6.87, 15810, 118698
55750, 0, 61, 147, 109, 11, 10.97%, 1, 7, 2, 6.95, 15846, 118698
55755, 0, 84, 147, 108, 10, 10.97%, 1, 7, 2, 6.79, 15880, 118698
55761, 0, 84, 147, 108, 10, 10.97%, 1, 7, 2, 6.99, 15916, 118698
55766, 0, 84, 147, 108, 10, 10.97%, 1, 7, 2, 6.97, 15952, 118698
55771, 0, 84, 147, 108, 10, 10.97%, 1, 7, 2, 7.02, 15988, 118698
55776, 0, 84, 147, 108, 10, 10.97%, 1, 7, 2, 6.80, 16022, 118698
55781, 0, 84, 147, 108, 10, 10.97%, 1, 7, 2, 6.89, 16058, 118698
55786, 0, 145, 147, 107, 9, 10.97%, 1, 7, 2, 6.87, 16094, 118698
55792, 0, 145, 147, 107, 9, 10.97%, 1, 7, 2, 6.74, 16128, 118698
55797, 0, 145, 147, 107, 9, 10.97%, 1, 7, 2, 6.70, 16162, 118698
55802, 0, 145, 147, 107, 9, 10.97%, 1, 7, 2, 6.60, 16196, 118698
55807, 0, 145, 147, 107, 9, 10.97%, 1, 7, 2, 6.82, 16232, 118698
55812, 0, 145, 147, 107, 9, 10.97%, 1, 7, 2, 6.72, 16266, 118698
55817, 0, 145, 147, 107, 9, 10.97%, 1, 7, 2, 6.75, 16300, 118698
55823, 0, 77, 147, 106, 8, 10.97%, 1, 7, 2, 6.75, 16336, 118698
55828, 0, 77, 147, 106, 8, 10.97%, 1, 7, 2, 6.68, 16370, 118698
55833, 0, 77, 147, 106, 8, 10.97%, 1, 7, 2, 6.73, 16404, 118698
55838, 0, 77, 147, 106, 8, 10.97%, 1, 7, 2, 6.75, 16438, 118698
55843, 0, 77, 147, 106, 8, 10.97%, 1, 7, 2, 7.00, 16474, 118698
55848, 0, 77, 147, 106, 8, 10.97%, 1, 7, 2, 6.83, 16508, 118698
55853, 0, 126, 147, 105, 7, 10.97%, 1, 7, 2, 6.83, 16542, 118698
55858, 0, 126, 147, 105, 7, 10.97%, 1, 7, 2, 6.78, 16578, 118698
55863, 0, 126, 147, 105, 7, 10.97%, 1, 7, 2, 6.77, 16612, 118698
55868, 0, 126, 147, 105, 7, 10.97%, 1, 7, 2, 6.75, 16646, 118698
55873, 0, 126, 147, 105, 7, 10.97%, 1, 7, 2, 6.88, 16682, 118698
55879, 0, 126, 147, 105, 7, 10.97%, 1, 7, 2, 6.71, 16716, 118698
55884, 0, 143, 147, 104, 6, 10.97%, 1, 7, 2, 6.92, 16752, 118698
55889, 0, 143, 147, 104, 6, 10.97%, 1, 7, 2, 6.94, 16788, 118698
55894, 0, 143, 147, 104, 6, 10.97%, 1, 7, 2, 6.81, 16822, 118698
55899, 0, 143, 147, 104, 6, 10.97%, 1, 7, 2, 6.78, 16858, 118698
55904, 0, 143, 147, 104, 6, 10.97%, 1, 7, 2, 6.84, 16892, 118698
55909, 0, 143, 147, 104, 6, 10.97%, 1, 7, 2, 7.03, 16928, 118698
55915, 0, 143, 147, 104, 6, 10.97%, 1, 7, 2, 6.80, 16962, 118698
55920, 0, 123, 147, 103, 5, 10.97%, 1, 7, 2, 6.79, 16996, 118698
55925, 0, 123, 147, 103, 5, 10.97%, 1, 7, 2, 6.71, 17030, 118698
55930, 0, 123, 147, 103, 5, 10.97%, 1, 7, 2, 6.85, 17066, 118698
55935, 0, 123, 147, 103, 5, 10.97%, 1, 7, 2, 6.82, 17102, 118698
55940, 0, 123, 147, 103, 5, 10.97%, 1, 7, 2, 6.84, 17138, 118698
55946, 0, 123, 147, 103, 5, 10.97%, 1, 7, 2, 6.67, 17172, 118698
55951, 0, 1, 147, 102, 4, 10.97%, 1, 7, 2, 6.77, 17206, 118698
55956, 0, 1, 147, 102, 4, 10.97%, 1, 7, 2, 6.99, 17242, 118698
55961, 0, 1, 147, 102, 4, 10.97%, 1, 7, 2, 6.99, 17278, 118698
55966, 0, 1, 147, 102, 4, 10.97%, 1, 7, 2, 7.01, 17314, 118698
55971, 0, 1, 147, 102, 4, 10.97%, 1, 7, 2, 6.74, 17348, 118698
55976, 0, 1, 147, 102, 4, 10.97%, 1, 7, 2, 6.91, 17384, 118698
55982, 0, 1, 147, 102, 4, 10.97%, 1, 7, 2, 6.85, 17420, 118698
55987, 0, 1, 147, 102, 4, 10.97%, 1, 7, 2, 6.78, 17454, 118698
55992, 0, 1, 147, 102, 4, 10.97%, 1, 7, 2, 6.61, 17488, 118698
55997, 0, 1, 147, 102, 4, 10.97%, 1, 7, 2, 6.59, 17522, 118698
56002, 0, 1, 147, 102, 4, 10.97%, 1, 7, 2, 6.69, 17556, 118698
56007, 0, 1, 147, 102, 4, 10.97%, 1, 7, 2, 6.74, 17592, 118698
56012, 0, 1, 147, 102, 4, 10.97%, 1, 7, 2, 7.03, 17628, 118698
56017, 0, 1, 147, 102, 4, 10.97%, 1, 7, 2, 6.84, 17662, 118698
56023, 0, 1, 147, 102, 4, 10.97%, 1, 7, 2, 7.02, 17698, 118698
56028, 0, 50, 147, 102, 4, 10.97%, 1, 7, 2, 7.01, 17734, 118698
56033, 0, 50, 147, 102, 4, 10.97%, 1, 7, 2, 7.01, 17770, 118698
56038, 0, 50, 147, 102, 4, 10.97%, 1, 7, 2, 6.93, 17806, 118698
56043, 0, 50, 147, 102, 4, 10.97%, 1, 7, 2, 6.79, 17840, 118698
56049, 0, 50, 147, 102, 4, 10.97%, 1, 7, 2, 7.06, 17878, 118698
56054, 0, 50, 147, 102, 4, 10.97%, 1, 7, 2, 6.94, 17914, 118698
56059, 0, 50, 147, 102, 4, 10.97%, 1, 7, 2, 7.00, 17950, 118698
56064, 0, 28, 147, 101, 4, 10.97%, 1, 7, 2, 6.89, 17986, 118698
56069, 0, 28, 147, 101, 4, 10.97%, 1, 7, 2, 6.77, 18020, 118698
56074, 0, 28, 147, 101, 4, 10.97%, 1, 7, 2, 6.92, 18056, 118698
56079, 0, 28, 147, 101, 4, 10.97%, 1, 7, 2, 6.77, 18090, 118698
56085, 0, 28, 147, 101, 4, 10.97%, 1, 7, 2, 6.91, 18126, 118698
56090, 0, 28, 147, 101, 4, 10.97%, 1, 7, 2, 6.90, 18162, 118698
56095, 0, 99, 147, 100, 3, 10.97%, 1, 7, 2, 6.77, 18196, 118698
56100, 0, 99, 147, 100, 3, 10.97%, 1, 7, 2, 6.89, 18232, 118698
56105, 0, 99, 147, 100, 3, 10.97%, 1, 7, 2, 6.84, 18266, 118698
56110, 0, 99, 147, 100, 3, 10.97%, 1, 7, 2, 6.90, 18302, 118698
56116, 0, 99, 147, 100, 3, 10.97%, 1, 7, 2, 6.82, 18338, 118698
56121, 0, 99, 147, 100, 3, 10.97%, 1, 7, 2, 6.81, 18372, 118698
56126, 0, 99, 147, 100, 3, 10.97%, 1, 7, 2, 6.84, 18408, 118698
56131, 0, 131, 147, 99, 2, 10.97%, 1, 7, 2, 6.77, 18442, 118698
56136, 0, 131, 147, 99, 2, 10.97%, 1, 7, 2, 6.86, 18478, 118698
56142, 0, 131, 147, 99, 2, 10.97%, 1, 7, 2, 6.83, 18514, 118698
56147, 0, 131, 147, 99, 2, 10.97%, 1, 7, 2, 6.79, 18548, 118698
56152, 0, 131, 147, 99, 2, 10.97%, 1, 7, 2, 7.02, 18584, 118698
56157, 0, 78, 147, 99, 2, 10.97%, 1, 7, 2, 6.98, 18620, 118698
56162, 0, 78, 147, 99, 2, 10.97%, 1, 7, 2, 7.03, 18656, 118698
56167, 0, 78, 147, 99, 2, 10.97%, 1, 7, 2, 6.86, 18692, 118698
56173, 0, 78, 147, 99, 2, 10.97%, 1, 7, 2, 6.88, 18728, 118698
56178, 0, 78, 147, 99, 2, 10.97%, 1, 7, 2, 6.96, 18764, 118698
56183, 0, 78, 147, 99, 2, 10.97%, 1, 7, 2, 6.79, 18798, 118698
56188, 0, 78, 147, 99, 2, 10.97%, 1, 7, 2, 6.96, 18834, 118698
56193, 0, 95, 147, 98, 2, 10.97%, 1, 7, 2, 6.94, 18870, 118698
56198, 0, 95, 147, 98, 2, 10.97%, 1, 7, 2, 6.77, 18904, 118698
56203, 0, 95, 147, 98, 2, 10.97%, 1, 7, 2, 6.91, 18940, 118698
56208, 0, 95, 147, 98, 2, 10.97%, 1, 7, 2, 6.79, 18974, 118698
56214, 0, 95, 147, 98, 2, 10.97%, 1, 7, 2, 6.87, 19010, 118698
56219, 0, 95, 147, 98, 2, 10.97%, 1, 7, 2, 6.70, 19046, 118698
56224, 0, 67, 147, 97, 2, 10.97%, 1, 7, 2, 6.75, 19080, 118698
56229, 0, 67, 147, 97, 2, 10.97%, 1, 7, 2, 6.99, 19116, 118698
56234, 0, 67, 147, 97, 2, 10.97%, 1, 7, 2, 6.97, 19152, 118698
56240, 0, 67, 147, 97, 2, 10.97%, 1, 7, 2, 7.02, 19188, 118698
56245, 0, 67, 147, 97, 2, 10.97%, 1, 7, 2, 6.88, 19224, 118698
56250, 0, 67, 147, 97, 2, 10.97%, 1, 7, 2, 6.93, 19260, 118698
56255, 0, 67, 147, 97, 2, 10.97%, 1, 7, 2, 7.04, 19296, 118698
56260, 0, 140, 147, 96, 2, 10.97%, 1, 7, 2, 6.91, 19332, 118698
56265, 0, 140, 147, 96, 2, 10.97%, 1, 7, 2, 7.07, 19368, 118698
56270, 0, 140, 147, 96, 2, 10.97%, 1, 7, 2, 6.83, 19402, 118698
56276, 0, 140, 147, 96, 2, 10.97%, 1, 7, 2, 6.88, 19438, 118698
56281, 0, 140, 147, 96, 2, 10.97%, 1, 7, 2, 7.02, 19474, 118698
56286, 0, 29, 147, 96, 2, 10.97%, 1, 7, 2, 6.97, 19510, 118698
56291, 0, 29, 147, 96, 2, 10.97%, 1, 7, 2, 7.07, 19546, 118698
56296, 0, 29, 147, 96, 2, 10.97%, 1, 7, 2, 6.75, 19580, 118698
56301, 0, 29, 147, 96, 2, 10.97%, 1, 7, 2, 6.89, 19616, 118698
56307, 0, 29, 147, 96, 2, 10.97%, 1, 7, 2, 6.94, 19652, 118698
56312, 0, 29, 147, 96, 2, 10.97%, 1, 7, 2, 6.80, 19686, 118698
56317, 0, 116, 147, 95, 2, 10.97%, 1, 7, 2, 6.97, 19722, 118698
56322, 0, 116, 147, 95, 2, 10.97%, 1, 7, 2, 6.84, 19758, 118698
56327, 0, 116, 147, 95, 2, 10.97%, 1, 7, 2, 6.80, 19792, 118698
56332, 0, 116, 147, 95, 2, 10.97%, 1, 7, 2, 6.93, 19828, 118698
56337, 0, 116, 147, 95, 2, 10.97%, 1, 7, 2, 6.88, 19864, 118698
56343, 0, 116, 147, 95, 2, 10.97%, 1, 7, 2, 7.01, 19900, 118698
56348, 0, 125, 147, 95, 2, 10.97%, 1, 7, 2, 6.66, 19934, 118698
56353, 0, 125, 147, 95, 2, 10.97%, 1, 7, 2, 6.71, 19968, 118698
56358, 0, 125, 147, 95, 2, 10.97%, 1, 7, 2, 6.87, 20004, 118698
56363, 0, 125, 147, 95, 2, 10.97%, 1, 7, 2, 6.73, 20038, 118698
56368, 0, 125, 147, 95, 2, 10.97%, 1, 7, 2, 6.72, 20072, 118698
56373, 0, 125, 147, 95, 2, 10.97%, 1, 7, 2, 6.61, 20106, 118698
56379, 0, 125, 147, 95, 2, 10.97%, 1, 7, 2, 6.67, 20140, 118698
56384, 0, 136, 147, 94, 2, 10.97%, 1, 7, 2, 6.80, 20176, 118698
56389, 0, 136, 147, 94, 2, 10.97%, 1, 7, 2, 6.49, 20210, 118698
56394, 0, 136, 147, 94, 2, 10.97%, 1, 7, 2, 6.30, 20242, 118698
56400, 0, 136, 147, 94, 2, 10.97%, 1, 7, 2, 6.75, 20278, 118698
56405, 0, 136, 147, 94, 2, 10.97%, 1, 7, 2, 7.05, 20314, 118698
56410, 0, 136, 147, 94, 2, 10.97%, 1, 7, 2, 6.60, 20348, 118698
56415, 0, 138, 147, 93, 1, 10.97%, 1, 7, 2, 6.47, 20382, 118698
56420, 0, 138, 147, 93, 1, 10.97%, 1, 7, 2, 6.59, 20416, 118698
56425, 0, 138, 147, 93, 1, 10.97%, 1, 7, 2, 6.71, 20450, 118698
56430, 0, 138, 147, 93, 1, 10.97%, 1, 7, 2, 6.78, 20484, 118698
56435, 0, 138, 147, 93, 1, 10.97%, 1, 7, 2, 6.77, 20518, 118698
56441, 0, 138, 147, 93, 1, 10.97%, 1, 7, 2, 6.86, 20554, 118698
56446, 0, 138, 147, 93, 1, 10.97%, 1, 7, 2, 6.90, 20590, 118698
56451, 0, 129, 147, 92, 1, 10.97%, 1, 7, 2, 7.02, 20626, 118698
56456, 0, 129, 147, 92, 1, 10.97%, 1, 7, 2, 7.05, 20662, 118698
56461, 0, 129, 147, 92, 1, 10.97%, 1, 7, 2, 6.74, 20696, 118698
56466, 0, 129, 147, 92, 1, 10.97%, 1, 7, 2, 6.66, 20730, 118698
56472, 0, 129, 147, 92, 1, 10.97%, 1, 7, 2, 6.88, 20766, 118698
56477, 0, 129, 147, 92, 1, 10.97%, 1, 7, 2, 6.95, 20802, 118698
56482, 0, 113, 147, 91, 1, 10.97%, 1, 7, 2, 6.90, 20836, 118698
56487, 0, 113, 147, 91, 1, 10.97%, 1, 7, 2, 6.78, 20870, 118698
56492, 0, 113, 147, 91, 1, 10.97%, 1, 7, 2, 6.63, 20904, 118698
56497, 0, 113, 147, 91, 1, 10.97%, 1, 7, 2, 6.59, 20938, 118698
56502, 0, 113, 147, 91, 1, 10.97%, 1, 7, 2, 6.62, 20972, 118698
56508, 0, 113, 147, 91, 1, 10.97%, 1, 7, 2, 6.83, 21008, 118698
56513, 0, 57, 147, 90, 0, 10.97%, 1, 7, 2, 6.71, 21043, 118698
56518, 0, 57, 147, 90, 0, 10.97%, 1, 7, 2, 6.72, 21077, 118698
56523, 0, 57, 147, 90, 0, 10.97%, 1, 7, 2, 6.52, 21111, 118698
56528, 0, 57, 147, 90, 0, 10.97%, 1, 7, 2, 6.47, 21143, 118698
56533, 0, 57, 147, 90, 0, 10.97%, 1, 7, 2, 6.57, 21177, 118698
56538, 0, 57, 147, 90, 0, 10.97%, 1, 7, 2, 6.84, 21213, 118698
56543, 0, 136, 147, 90, 0, 10.97%, 1, 7, 2, 6.76, 21247, 118698
56549, 0, 136, 147, 90, 0, 10.97%, 1, 7, 2, 6.66, 21281, 118698
56554, 0, 136, 147, 90, 0, 10.97%, 1, 7, 2, 6.50, 21315, 118698
56559, 0, 136, 147, 90, 0, 10.97%, 1, 7, 2, 6.49, 21349, 118698
56564, 0, 136, 147, 90, 0, 10.97%, 1, 7, 2, 6.67, 21383, 118698
56569, 0, 61, 147, 90, 0, 10.97%, 1, 7, 2, 6.85, 21419, 118698
56575, 0, 61, 147, 90, 0, 10.97%, 1, 7, 2, 6.56, 21453, 118698
56580, 0, 61, 147, 90, 0, 10.97%, 1, 7, 2, 6.68, 21487, 118698
56585, 0, 61, 147, 90, 0, 10.97%, 1, 7, 2, 6.37, 21519, 118698
56590, 0, 61, 147, 90, 0, 10.97%, 1, 7, 2, 6.79, 21555, 118698
56595, 0, 61, 147, 90, 0, 10.97%, 1, 7, 2, 6.86, 21591, 118698
56601, 0, 139, 147, 90, 0, 10.97%, 1, 7, 2, 6.93, 21627, 118698
56606, 0, 139, 147, 90, 0, 10.97%, 1, 7, 2, 6.87, 21663, 118698
56611, 0, 139, 147, 90, 0, 10.97%, 1, 7, 2, 6.77, 21697, 118698
56616, 0, 139, 147, 90, 0, 10.97%, 1, 7, 2, 6.77, 21733, 118698
56621, 0, 139, 147, 90, 0, 10.97%, 1, 7, 2, 6.70, 21767, 118698
56626, 0, 100, 147, 90, 0, 10.97%, 1, 7, 2, 6.75, 21801, 118698
56632, 0, 100, 147, 90, 0, 10.97%, 1, 7, 2, 6.65, 21835, 118698
56637, 0, 100, 147, 90, 0, 10.97%, 1, 7, 2, 6.84, 21871, 118698
56642, 0, 100, 147, 90, 0, 10.97%, 1, 7, 2, 6.81, 21905, 118698
56647, 0, 100, 147, 90, 0, 10.97%, 1, 7, 2, 6.84, 21939, 118698
56652, 0, 100, 147, 90, 0, 10.97%, 1, 7, 2, 6.78, 21975, 118698
56657, 0, 93, 147, 90, 0, 10.97%, 1, 7, 2, 6.71, 22009, 118698
56662, 0, 93, 147, 90, 0, 10.97%, 1, 7, 2, 6.78, 22045, 118698
56668, 0, 93, 147, 90, 0, 10.97%, 1, 7, 2, 6.81, 22081, 118698
56673, 0, 93, 147, 90, 0, 10.97%, 1, 7, 2, 6.70, 22115, 118698
56678, 0, 93, 147, 90, 0, 10.97%, 1, 7, 2, 6.62, 22149, 118698
56683, 0, 62, 147, 90, 0, 10.97%, 1, 7, 2, 6.83, 22185, 118698
56689, 0, 62, 147, 90, 0, 10.97%, 1, 7, 2, 6.83, 22221, 118698
56694, 0, 62, 147, 90, 0, 10.97%, 1, 7, 2, 6.88, 22257, 118698
56699, 0, 62, 147, 90, 0, 10.97%, 1, 7, 2, 6.77, 22291, 118698
56704, 0, 62, 147, 90, 0, 10.97%, 1, 7, 2, 6.71, 22325, 118698
56709, 0, 62, 147, 90, 0, 10.97%, 1, 7, 2, 6.91, 22361, 118698
56714, 0, 97, 147, 90, 0, 10.97%, 1, 7, 2, 6.80, 22395, 118698
56719, 0, 97, 147, 90, 0, 10.97%, 1, 7, 2, 6.76, 22429, 118698
56724, 0, 97, 147, 90, 0, 10.97%, 1, 7, 2, 6.57, 22463, 118698
56730, 0, 97, 147, 90, 0, 10.97%, 1, 7, 2, 6.84, 22499, 118698
56735, 0, 97, 147, 90, 0, 10.97%, 1, 7, 2, 6.90, 22535, 118698
56740, 0, 109, 147, 90, 0, 10.97%, 1, 7, 2, 6.90, 22571, 118698
56745, 0, 109, 147, 90, 0, 10.97%, 1, 7, 2, 6.86, 22607, 118698
56750, 0, 109, 147, 90, 0, 10.97%, 1, 7, 2, 6.82, 22641, 118698
56755, 0, 109, 147, 90, 0, 10.97%, 1, 7, 2, 6.77, 22675, 118698
56760, 0, 109, 147, 90, 0, 10.97%, 1, 7, 2, 6.73, 22709, 118698
56766, 0, 109, 147, 90, 0, 10.97%, 1, 7, 2, 6.62, 22743, 118698
56771, 0, 131, 147, 90, 0, 10.97%, 1, 7, 2, 6.50, 22777, 118698
56776, 0, 131, 147, 90, 0, 10.97%, 1, 7, 2, 6.71, 22811, 118698
56781, 0, 131, 147, 90, 0, 10.97%, 1, 7, 2, 6.93, 22847, 118698
56786, 0, 131, 147, 90, 0, 10.97%, 1, 7, 2, 6.88, 22883, 118698
56791, 0, 131, 147, 90, 0, 10.97%, 1, 7, 2, 6.92, 22919, 118698
56797, 0, 0, 147, 90, 0, 10.97%, 1, 7, 2, 6.65, 22953, 118698
56802, 0, 0, 147, 90, 0, 10.97%, 1, 7, 2, 6.85, 22989, 118698
56807, 0, 0, 147, 90, 0, 10.97%, 1, 7, 2, 6.84, 23025, 118698
56812, 0, 0, 147, 90, 0, 10.97%, 1, 7, 2, 6.72, 23059, 118698
56818, 0, 0, 147, 90, 0, 10.97%, 1, 7, 2, 6.55, 23093, 118698
56823, 0, 0, 147, 90, 0, 10.97%, 1, 7, 2, 6.61, 23127, 118698
56828, 0, 131, 147, 90, 0, 10.97%, 1, 7, 2, 6.72, 23163, 118698
56833, 0, 131, 147, 90, 0, 10.97%, 1, 7, 2, 6.77, 23199, 118698
56839, 0, 131, 147, 90, 0, 10.97%, 1, 7, 2, 6.80, 23235, 118698
56844, 0, 131, 147, 90, 0, 10.97%, 1, 7, 2, 6.68, 23269, 118698
56849, 0, 131, 147, 90, 0, 10.97%, 1, 7, 2, 6.54, 23303, 118698
56854, 0, 27, 147, 90, 0, 10.97%, 1, 7, 2, 6.60, 23337, 118698
56859, 0, 27, 147, 90, 0, 10.97%, 1, 7, 2, 6.83, 23373, 118698
56864, 0, 27, 147, 90, 0, 10.97%, 1, 7, 2, 6.69, 23407, 118698
56870, 0, 27, 147, 90, 0, 10.97%, 1, 7, 2, 6.55, 23441, 118698
56875, 0, 27, 147, 90, 0, 10.97%, 1, 7, 2, 6.60, 23475, 118698
56880, 0, 27, 147, 90, 0, 10.97%, 1, 7, 2, 6.75, 23511, 118698
56885, 0, 27, 147, 90, 0, 10.97%, 1, 7, 2, 6.50, 23543, 118698
56890, 0, 61, 147, 89, 0, 10.97%, 1, 7, 2, 6.65, 23577, 118698
56896, 0, 61, 147, 89, 0, 10.97%, 1, 7, 2, 6.75, 23613, 118698
56901, 0, 61, 147, 89, 0, 10.97%, 1, 7, 2, 6.69, 23647, 118698
56906, 0, 61, 147, 89, 0, 10.97%, 1, 7, 2, 6.69, 23681, 118698
56911, 0, 61, 147, 89, 0, 10.97%, 1, 7, 2, 6.65, 23715, 118698
56916, 0, 61, 147, 89, 0, 10.97%, 1, 7, 2, 6.61, 23749, 118698
56921, 0, 131, 147, 89, 0, 10.97%, 1, 7, 2, 6.50, 23783, 118698
56926, 0, 131, 147, 89, 0, 10.97%, 1, 7, 2, 6.71, 23817, 118698
56932, 0, 131, 147, 89, 0, 10.97%, 1, 7, 2, 6.84, 23853, 118698
56937, 0, 131, 147, 89, 0, 10.97%, 1, 7, 2, 6.85, 23887, 118698
56942, 0, 131, 147, 89, 0, 10.97%, 1, 7, 2, 6.77, 23921, 118698
56947, 0, 126, 147, 89, 0, 10.97%, 1, 7, 2, 6.62, 23955, 118698
56952, 0, 126, 147, 89, 0, 10.97%, 1, 7, 2, 6.83, 23991, 118698
56957, 0, 126, 147, 89, 0, 10.97%, 1, 7, 2, 6.81, 24025, 118698
56962, 0, 126, 147, 89, 0, 10.97%, 1, 7, 2, 6.87, 24061, 118698
56967, 0, 126, 147, 89, 0, 10.97%, 1, 7, 2, 6.82, 24095, 118698
56973, 0, 126, 147, 89, 0, 10.97%, 1, 7, 2, 6.86, 24131, 118698
56978, 0, 57, 147, 89, 0, 10.97%, 1, 7, 2, 6.89, 24167, 118698
56983, 0, 57, 147, 89, 0, 10.97%, 1, 7, 2, 6.68, 24201, 118698
56988, 0, 57, 147, 89, 0, 10.97%, 1, 7, 2, 6.52, 24235, 118698
56993, 0, 57, 147, 89, 0, 10.97%, 1, 7, 2, 6.74, 24269, 118698
56998, 0, 57, 147, 89, 0, 10.97%, 1, 7, 2, 6.77, 24303, 118698
57003, 0, 14, 147, 89, 0, 10.97%, 1, 7, 2, 6.91, 24339, 118698
57009, 0, 14, 147, 89, 0, 10.97%, 1, 7, 2, 6.73, 24373, 118698
57014, 0, 14, 147, 89, 0, 10.97%, 1, 7, 2, 6.92, 24409, 118698
57019, 0, 14, 147, 89, 0, 10.97%, 1, 7, 2, 6.72, 24443, 118698
57024, 0, 14, 147, 89, 0, 10.97%, 1, 7, 2, 6.71, 24477, 118698
57029, 0, 14, 147, 89, 0, 10.97%, 1, 7, 2, 6.63, 24511, 118698
57034, 0, 14, 147, 89, 0, 10.97%, 1, 7, 2, 6.77, 24547, 118698
57040, 0, 24, 147, 88, 0, 10.97%, 1, 7, 2, 6.83, 24583, 118698
57045, 0, 24, 147, 88, 0, 10.97%, 1, 7, 2, 6.99, 24619, 118698
57050, 0, 24, 147, 88, 0, 10.97%, 1, 7, 2, 6.71, 24653, 118698
57055, 0, 24, 147, 88, 0, 10.97%, 1, 7, 2, 6.87, 24689, 118698
57060, 0, 24, 147, 88, 0, 10.97%, 1, 7, 2, 6.88, 24725, 118698
57066, 0, 84, 147, 88, 0, 10.97%, 1, 7, 2, 6.70, 24759, 118698
57071, 0, 84, 147, 88, 0, 10.97%, 1, 7, 2, 6.60, 24793, 118698
57076, 0, 84, 147, 88, 0, 10.97%, 1, 7, 2, 6.78, 24829, 118698
57081, 0, 84, 147, 88, 0, 10.97%, 1, 7, 2, 6.64, 24863, 118698
57086, 0, 84, 147, 88, 0, 10.97%, 1, 7, 2, 6.85, 24899, 118698
57092, 0, 84, 147, 88, 0, 10.97%, 1, 7, 2, 6.72, 24933, 118698
57097, 0, 80, 147, 88, 0, 10.97%, 1, 7, 2, 6.63, 24967, 118698
57102, 0, 80, 147, 88, 0, 10.97%, 1, 7, 2, 6.59, 25001, 118698
57107, 0, 80, 147, 88, 0, 10.97%, 1, 7, 2, 6.64, 25035, 118698
57112, 0, 80, 147, 88, 0, 10.97%, 1, 7, 2, 6.74, 25071, 118698
57117, 0, 80, 147, 88, 0, 10.97%, 1, 7, 2, 6.65, 25105, 118698
57123, 0, 112, 147, 88, 0, 10.97%, 1, 7, 2, 6.83, 25141, 118698
57128, 0, 112, 147, 88, 0, 10.97%, 1, 7, 2, 6.94, 25177, 118698
57133, 0, 112, 147, 88, 0, 10.97%, 1, 7, 2, 6.97, 25213, 118698
57138, 0, 112, 147, 88, 0, 10.97%, 1, 7, 2, 6.86, 25247, 118698
57143, 0, 112, 147, 88, 0, 10.97%, 1, 7, 2, 6.92, 25283, 118698
57149, 0, 112, 147, 88, 0, 10.97%, 1, 7, 2, 6.91, 25319, 118698
57154, 0, 52, 147, 88, 0, 10.97%, 1, 7, 2, 6.90, 25355, 118698
57159, 0, 52, 147, 88, 0, 10.97%, 1, 7, 2, 6.80, 25389, 118698
57164, 0, 52, 147, 88, 0, 10.97%, 1, 7, 2, 6.94, 25425, 118698
57169, 0, 52, 147, 88, 0, 10.97%, 1, 7, 2, 6.85, 25459, 118698
57174, 0, 52, 147, 88, 0, 10.97%, 1, 7, 2, 6.93, 25495, 118698
57179, 0, 109, 147, 88, 0, 10.97%, 1, 7, 2, 6.71, 25529, 118698
57185, 0, 109, 147, 88, 0, 10.97%, 1, 7, 2, 6.87, 25565, 118698
57190, 0, 109, 147, 88, 0, 10.97%, 1, 7, 2, 6.97, 25601, 118698
57195, 0, 109, 147, 88, 0, 10.97%, 1, 7, 2, 6.94, 25637, 118698
57200, 0, 109, 147, 88, 0, 10.97%, 1, 7, 2, 7.11, 25673, 118698
57205, 0, 119, 147, 88, 0, 10.97%, 1, 7, 2, 6.78, 25707, 118698
57210, 0, 119, 147, 88, 0, 10.97%, 1, 7, 2, 6.94, 25743, 118698
57216, 0, 119, 147, 88, 0, 10.97%, 1, 7, 2, 6.91, 25779, 118698
57221, 0, 119, 147, 88, 0, 10.97%, 1, 7, 2, 6.76, 25813, 118698
57226, 0, 119, 147, 88, 0, 10.97%, 1, 7, 2, 6.62, 25847, 118698
57231, 0, 119, 147, 88, 0, 10.97%, 1, 7, 2, 6.75, 25881, 118698
57236, 0, 62, 147, 88, 0, 10.97%, 1, 7, 2, 6.85, 25917, 118698
57241, 0, 62, 147, 88, 0, 10.97%, 1, 7, 2, 6.78, 25953, 118698
57246, 0, 62, 147, 88, 0, 10.97%, 1, 7, 2, 6.69, 25987, 118698
57252, 0, 62, 147, 88, 0, 10.97%, 1, 7, 2, 6.54, 26021, 118698
57257, 0, 62, 147, 88, 0, 10.97%, 1, 7, 2, 6.85, 26057, 118698
57262, 0, 112, 147, 88, 0, 10.97%, 1, 7, 2, 6.75, 26091, 118698
57267, 0, 112, 147, 88, 0, 10.97%, 1, 7, 2, 6.64, 26125, 118698
57272, 0, 112, 147, 88, 0, 10.97%, 1, 7, 2, 6.62, 26159, 118698
57278, 0, 112, 147, 88, 0, 10.97%, 1, 7, 2, 6.83, 26195, 118698
57283, 0, 112, 147, 88, 0, 10.97%, 1, 7, 2, 6.73, 26229, 118698
57288, 0, 112, 147, 88, 0, 10.97%, 1, 7, 2, 6.67, 26263, 118698
57293, 0, 45, 147, 88, 0, 10.97%, 1, 7, 2, 6.62, 26297, 118698
57298, 0, 45, 147, 88, 0, 10.97%, 1, 7, 2, 6.60, 26331, 118698
57303, 0, 45, 147, 88, 0, 10.97%, 1, 7, 2, 6.68, 26365, 118698
57308, 0, 45, 147, 88, 0, 10.97%, 1, 7, 2, 6.80, 26401, 118698
57314, 0, 45, 147, 88, 0, 10.97%, 1, 7, 2, 7.00, 26437, 118698
57319, 0, 46, 147, 88, 0, 10.97%, 1, 7, 2, 6.90, 26473, 118698
57324, 0, 46, 147, 88, 0, 10.97%, 1, 7, 2, 6.86, 26507, 118698
57329, 0, 46, 147, 88, 0, 10.97%, 1, 7, 2, 7.36, 26545, 118698
57334, 0, 46, 147, 88, 0, 10.97%, 1, 7, 2, 7.26, 26583, 118698
57339, 0, 46, 147, 88, 0, 10.97%, 1, 7, 2, 7.23, 26619, 118698
57344, 0, 46, 147, 88, 0, 10.97%, 1, 7, 2, 7.02, 26655, 118698
57349, 0, 44, 147, 88, 0, 10.97%, 1, 7, 2, 7.07, 26691, 118698
57355, 0, 44, 147, 88, 0, 10.97%, 1, 7, 2, 6.80, 26725, 118698
57360, 0, 44, 147, 88, 0, 10.97%, 1, 7, 2, 7.02, 26761, 118698
57365, 0, 44, 147, 88, 0, 10.97%, 1, 7, 2, 6.81, 26795, 118698
57370, 0, 44, 147, 88, 0, 10.97%, 1, 7, 2, 6.93, 26831, 118698
57375, 0, 44, 147, 88, 0, 10.97%, 1, 7, 2, 6.95, 26867, 118698
57380, 0, 64, 147, 87, 0, 10.97%, 1, 7, 2, 6.91, 26901, 118698
57385, 0, 64, 147, 87, 0, 10.97%, 1, 7, 2, 7.05, 26937, 118698
57390, 0, 64, 147, 87, 0, 10.97%, 1, 7, 2, 7.00, 26973, 118698
57395, 0, 64, 147, 87, 0, 10.97%, 1, 7, 2, 7.17, 27009, 118698
57400, 0, 64, 147, 87, 0, 10.97%, 1, 7, 2, 6.85, 27043, 118698
57406, 0, 64, 147, 87, 0, 10.97%, 1, 7, 2, 6.96, 27079, 118698
57411, 0, 128, 147, 87, 0, 10.97%, 1, 7, 2, 7.00, 27115, 118698
57416, 0, 128, 147, 87, 0, 10.97%, 1, 7, 2, 6.93, 27151, 118698
57421, 0, 128, 147, 87, 0, 10.97%, 1, 7, 2, 6.96, 27187, 118698
57426, 0, 128, 147, 87, 0, 10.97%, 1, 7, 2, 6.79, 27221, 118698
57431, 0, 128, 147, 87, 0, 10.97%, 1, 7, 2, 7.06, 27257, 118698
57436, 0, 128, 147, 87, 0, 10.97%, 1, 7, 2, 6.75, 27291, 118698
57442, 0, 100, 147, 86, 0, 10.97%, 1, 7, 2, 7.01, 27327, 118698
57447, 0, 100, 147, 86, 0, 10.97%, 1, 7, 2, 6.87, 27363, 118698
57452, 0, 100, 147, 86, 0, 10.97%, 1, 7, 2, 6.76, 27397, 118698
57457, 0, 100, 147, 86, 0, 10.97%, 1, 7, 2, 6.87, 27433, 118698
57462, 0, 100, 147, 86, 0, 10.97%, 1, 7, 2, 6.80, 27467, 118698
57467, 0, 100, 147, 86, 0, 10.97%, 1, 7, 2, 7.10, 27505, 118698
57472, 0, 52, 147, 86, 0, 10.97%, 1, 7, 2, 6.88, 27539, 118698
57478, 0, 52, 147, 86, 0, 10.97%, 1, 7, 2, 7.09, 27575, 118698
57483, 0, 52, 147, 86, 0, 10.97%, 1, 7, 2, 7.00, 27611, 118698
57488, 0, 52, 147, 86, 0, 10.97%, 1, 7, 2, 7.00, 27647, 118698
57493, 0, 52, 147, 86, 0, 10.97%, 1, 7, 2, 6.96, 27683, 118698
57498, 0, 32, 147, 86, 0, 10.97%, 1, 7, 2, 6.84, 27717, 118698
57503, 0, 32, 147, 86, 0, 10.97%, 1, 7, 2, 6.98, 27753, 118698
57508, 0, 32, 147, 86, 0, 10.97%, 1, 7, 2, 6.97, 27789, 118698
57513, 0, 32, 147, 86, 0, 10.97%, 1, 7, 2, 7.12, 27825, 118698
57519, 0, 32, 147, 86, 0, 10.97%, 1, 7, 2, 6.84, 27859, 118698
57524, 0, 32, 147, 86, 0, 10.97%, 1, 7, 2, 6.82, 27893, 118698
57529, 0, 83, 147, 85, 0, 10.97%, 1, 7, 2, 7.11, 27931, 118698
57534, 0, 83, 147, 85, 0, 10.97%, 1, 7, 2, 6.83, 27965, 118698
57539, 0, 83, 147, 85, 0, 10.97%, 1, 7, 2, 6.72, 27999, 118698
57544, 0, 83, 147, 85, 0, 10.97%, 1, 7, 2, 6.67, 28033, 118698
57549, 0, 83, 147, 85, 0, 10.97%, 1, 7, 2, 7.08, 28069, 118698
57554, 0, 83, 147, 85, 0, 10.97%, 1, 7, 2, 6.82, 28103, 118698
57560, 0, 52, 147, 85, 0, 10.97%, 1, 7, 2, 6.82, 28139, 118698
57565, 0, 52, 147, 85, 0, 10.97%, 1, 7, 2, 6.72, 28173, 118698
57570, 0, 52, 147, 85, 0, 10.97%, 1, 7, 2, 6.67, 28207, 118698
57575, 0, 52, 147, 85, 0, 10.97%, 1, 7, 2, 7.09, 28245, 118698
57580, 0, 52, 147, 85, 0, 10.97%, 1, 7, 2, 6.96, 28281, 118698
57585, 0, 0, 147, 85, 0, 10.97%, 1, 7, 2, 7.08, 28317, 118698
57591, 0, 0, 147, 85, 0, 10.97%, 1, 7, 2, 6.73, 28351, 118698
57596, 0, 0, 147, 85, 0, 10.97%, 1, 7, 2, 6.96, 28387, 118698
57601, 0, 0, 147, 85, 0, 10.97%, 1, 7, 2, 6.97, 28423, 118698
57606, 0, 0, 147, 85, 0, 10.97%, 1, 7, 2, 6.88, 28457, 118698
57611, 0, 0, 147, 85, 0, 10.97%, 1, 7, 2, 7.03, 28493, 118698
57616, 0, 116, 147, 85, 0, 10.97%, 1, 7, 2, 6.85, 28527, 118698
57621, 0, 116, 147, 85, 0, 10.97%, 1, 7, 2, 7.07, 28563, 118698
57626, 0, 116, 147, 85, 0, 10.97%, 1, 7, 2, 6.25, 28594, 118698
57631, 0, 116, 147, 85, 0, 10.97%, 1, 7, 2, 6.78, 28630, 118698
57636, 0, 116, 147, 85, 0, 10.97%, 1, 7, 2, 6.68, 28664, 118698
57642, 0, 143, 147, 85, 0, 10.97%, 1, 7, 2, 6.87, 28700, 118698
57647, 0, 143, 147, 85, 0, 10.97%, 1, 7, 2, 7.04, 28736, 118698
57652, 0, 143, 147, 85, 0, 10.97%, 1, 7, 2, 6.97, 28772, 118698
57657, 0, 143, 147, 85, 0, 10.97%, 1, 7, 2, 6.79, 28806, 118698
57662, 0, 143, 147, 85, 0, 10.97%, 1, 7, 2, 6.60, 28840, 118698
57667, 0, 143, 147, 85, 0, 10.97%, 1, 7, 2, 6.92, 28876, 118698
57673, 0, 71, 147, 85, 0, 10.97%, 1, 7, 2, 6.95, 28912, 118698
57678, 0, 71, 147, 85, 0, 10.97%, 1, 7, 2, 6.94, 28948, 118698
57683, 0, 71, 147, 85, 0, 10.97%, 1, 7, 2, 6.90, 28984, 118698
57688, 0, 71, 147, 85, 0, 10.97%, 1, 7, 2, 6.89, 29018, 118698
57693, 0, 71, 147, 85, 0, 10.97%, 1, 7, 2, 6.97, 29054, 118698
57698, 0, 71, 147, 85, 0, 10.97%, 1, 7, 2, 6.93, 29090, 118698
57703, 0, 75, 147, 84, 0, 10.97%, 1, 7, 2, 7.06, 29126, 118698
57709, 0, 75, 147, 84, 0, 10.97%, 1, 7, 2, 6.82, 29160, 118698
57714, 0, 75, 147, 84, 0, 10.97%, 1, 7, 2, 6.97, 29196, 118698
57719, 0, 75, 147, 84, 0, 10.97%, 1, 7, 2, 6.76, 29230, 118698
57724, 0, 75, 147, 84, 0, 10.97%, 1, 7, 2, 6.66, 29264, 118698
57729, 0, 75, 147, 84, 0, 10.97%, 1, 7, 2, 6.60, 29298, 118698
57734, 0, 75, 147, 84, 0, 10.97%, 1, 7, 2, 6.64, 29332, 118698
57739, 0, 100, 147, 83, 0, 10.97%, 1, 7, 2, 6.77, 29366, 118698
57744, 0, 100, 147, 83, 0, 10.97%, 1, 7, 2, 6.71, 29400, 118698
57749, 0, 100, 147, 83, 0, 10.97%, 1, 7, 2, 6.98, 29436, 118698
57755, 0, 100, 147, 83, 0, 10.97%, 1, 7, 2, 6.81, 29472, 118698
57760, 0, 100, 147, 83, 0, 10.97%, 1, 7, 2, 6.81, 29506, 118698
57765, 0, 83, 147, 83, 0, 10.97%, 1, 7, 2, 7.11, 29542, 118698
57770, 0, 83, 147, 83, 0, 10.97%, 1, 7, 2, 7.41, 29580, 118698
57775, 0, 83, 147, 83, 0, 10.97%, 1, 7, 2, 7.02, 29616, 118698
57780, 0, 83, 147, 83, 0, 10.97%, 1, 7, 2, 7.04, 29652, 118698
57785, 0, 83, 147, 83, 0, 10.97%, 1, 7, 2, 6.81, 29686, 118698
57790, 0, 83, 147, 83, 0, 10.97%, 1, 7, 2, 6.82, 29720, 118698
57796, 0, 90, 147, 83, 0, 10.97%, 1, 7, 2, 7.06, 29758, 118698
57801, 0, 90, 147, 83, 0, 10.97%, 1, 7, 2, 7.07, 29794, 118698
57806, 0, 90, 147, 83, 0, 10.97%, 1, 7, 2, 7.06, 29830, 118698
57811, 0, 90, 147, 83, 0, 10.97%, 1, 7, 2, 6.81, 29864, 118698
57816, 0, 90, 147, 83, 0, 10.97%, 1, 7, 2, 6.80, 29898, 118698
57821, 0, 90, 147, 83, 0, 10.97%, 1, 7, 2, 6.87, 29934, 118698
57826, 0, 56, 147, 82, 0, 10.97%, 1, 7, 2, 6.84, 29970, 118698
57831, 0, 56, 147, 82, 0, 10.97%, 1, 7, 2, 6.76, 30004, 118698
57837, 0, 56, 147, 82, 0, 10.97%, 1, 7, 2, 6.55, 30038, 118698
57842, 0, 56, 147, 82, 0, 10.97%, 1, 7, 2, 6.73, 30072, 118698
57847, 0, 56, 147, 82, 0, 10.97%, 1, 7, 2, 6.83, 30108, 118698
57852, 0, 84, 147, 82, 0, 10.97%, 1, 7, 2, 6.91, 30144, 118698
57858, 0, 84, 147, 82, 0, 10.97%, 1, 7, 2, 6.87, 30180, 118698
57863, 0, 84, 147, 82, 0, 10.97%, 1, 7, 2, 6.73, 30214, 118698
57868, 0, 84, 147, 82, 0, 10.97%, 1, 7, 2, 6.75, 30248, 118698
57873, 0, 84, 147, 82, 0, 10.97%, 1, 7, 2, 6.99, 30284, 118698
57878, 0, 84, 147, 82, 0, 10.97%, 1, 7, 2, 6.81, 30318, 118698
57883, 0, 47, 147, 82, 0, 10.97%, 1, 7, 2, 6.43, 30351, 118698
57888, 0, 47, 147, 82, 0, 10.97%, 1, 7, 2, 6.52, 30384, 118698
57893, 0, 47, 147, 82, 0, 10.97%, 1, 7, 2, 6.32, 30415, 118698
57898, 0, 47, 147, 82, 0, 10.97%, 1, 7, 2, 6.16, 30445, 118698
57904, 0, 47, 147, 82, 0, 10.97%, 1, 7, 2, 6.48, 30479, 118698
57909, 0, 47, 147, 82, 0, 10.97%, 1, 7, 2, 6.67, 30513, 118698
57914, 0, 47, 147, 82, 0, 10.97%, 1, 7, 2, 6.68, 30547, 118698
57919, 0, 64, 147, 81, 0, 10.97%, 1, 7, 2, 6.85, 30581, 118698
57924, 0, 64, 147, 81, 0, 10.97%, 1, 7, 2, 6.94, 30617, 118698
57929, 0, 64, 147, 81, 0, 10.97%, 1, 7, 2, 6.59, 30649, 118698
57934, 0, 64, 147, 81, 0, 10.97%, 1, 7, 2, 6.45, 30682, 118698
57939, 0, 64, 147, 81, 0, 10.97%, 1, 7, 2, 6.87, 30718, 118698
57944, 0, 64, 147, 81, 0, 10.97%, 1, 7, 2, 6.13, 30749, 118698
57949, 0, 122, 147, 81, 0, 10.97%, 1, 7, 2, 5.94, 30778, 118698
57955, 0, 122, 147, 81, 0, 10.97%, 1, 7, 2, 5.76, 30808, 118698
57960, 0, 122, 147, 81, 0, 10.97%, 1, 7, 2, 5.45, 30835, 118698
57965, 0, 122, 147, 81, 0, 10.97%, 1, 7, 2, 5.53, 30864, 118698
57970, 0, 122, 147, 81, 0, 10.97%, 1, 7, 2, 4.97, 30888, 118698
57975, 0, 122, 147, 81, 0, 10.97%, 1, 7, 2, 5.36, 30916, 118698
57980, 0, 122, 147, 81, 0, 10.97%, 1, 7, 2, 5.38, 30944, 118698
57985, 0, 24, 147, 81, 0, 10.97%, 1, 7, 2, 5.23, 30971, 118698
57991, 0, 24, 147, 81, 0, 10.97%, 1, 7, 2, 4.81, 30994, 118698
57996, 0, 24, 147, 81, 0, 10.97%, 1, 7, 2, 4.10, 31012, 118698
58001, 0, 24, 147, 81, 0, 10.97%, 1, 7, 2, 3.94, 31031, 118698
58006, 0, 24, 147, 81, 0, 10.97%, 1, 7, 2, 4.38, 31055, 118698
58011, 0, 24, 147, 81, 0, 10.97%, 1, 7, 2, 4.67, 31080, 118698
58017, 0, 24, 147, 81, 0, 10.97%, 1, 7, 2, 4.79, 31105, 118698
58022, 0, 1, 147, 81, 0, 10.97%, 1, 7, 2, 5.69, 31137, 118698
58027, 0, 1, 147, 81, 0, 10.97%, 1, 7, 2, 5.98, 31169, 118698
58032, 0, 1, 147, 81, 0, 10.97%, 1, 7, 2, 6.51, 31203, 118698
58037, 0, 1, 147, 81, 0, 10.97%, 1, 7, 2, 6.79, 31239, 118698
58043, 0, 1, 147, 81, 0, 10.97%, 1, 7, 2, 6.52, 31273, 118698
58048, 0, 1, 147, 81, 0, 10.97%, 1, 7, 2, 7.09, 31311, 118698
58053, 0, 85, 147, 81, 0, 10.97%, 1, 7, 2, 7.31, 31349, 118698
58058, 0, 85, 147, 81, 0, 10.97%, 1, 7, 2, 7.36, 31387, 118698
58063, 0, 85, 147, 81, 0, 10.97%, 1, 7, 2, 7.48, 31425, 118698
58068, 0, 85, 147, 81, 0, 10.97%, 1, 7, 2, 7.18, 31461, 118698
58073, 0, 85, 147, 81, 0, 10.97%, 1, 7, 2, 7.15, 31497, 118698
58079, 0, 85, 147, 81, 0, 10.97%, 1, 7, 2, 5.62, 31524, 118698
58084, 0, 85, 147, 81, 0, 10.97%, 1, 7, 2, 5.48, 31551, 118698
58089, 0, 57, 147, 80, 0, 10.97%, 1, 7, 2, 5.71, 31581, 118698
58094, 0, 57, 147, 80, 0, 10.97%, 1, 7, 2, 6.13, 31613, 118698
58099, 0, 57, 147, 80, 0, 10.97%, 1, 7, 2, 6.28, 31645, 118698
58104, 0, 57, 147, 80, 0, 10.97%, 1, 7, 2, 6.38, 31678, 118698
58110, 0, 57, 147, 80, 0, 10.97%, 1, 7, 2, 6.77, 31714, 118698
58115, 0, 111, 147, 80, 0, 10.97%, 1, 7, 2, 7.06, 31750, 118698
58120, 0, 111, 147, 80, 0, 10.97%, 1, 7, 2, 7.58, 31790, 118698
58125, 0, 111, 147, 80, 0, 10.97%, 1, 7, 2, 7.65, 31830, 118698
58130, 0, 111, 147, 80, 0, 10.97%, 1, 7, 2, 7.50, 31868, 118698
58135, 0, 111, 147, 80, 0, 10.97%, 1, 7, 2, 7.41, 31906, 118698
58140, 0, 69, 147, 80, 0, 10.97%, 1, 7, 2, 7.33, 31942, 118698
58146, 0, 69, 147, 80, 0, 10.97%, 1, 7, 2, 7.62, 31982, 118698
58151, 0, 69, 147, 80, 0, 10.97%, 1, 7, 2, 7.65, 32022, 118698
58156, 0, 69, 147, 80, 0, 10.97%, 1, 7, 2, 7.74, 32062, 118698
58161, 0, 69, 147, 80, 0, 10.97%, 1, 7, 2, 7.61, 32100, 118698
58166, 0, 69, 147, 80, 0, 10.97%, 1, 7, 2, 7.39, 32136, 118698
58171, 0, 58, 147, 79, 0, 10.97%, 1, 7, 2, 7.56, 32174, 118698
58176, 0, 58, 147, 79, 0, 10.97%, 1, 7, 2, 7.00, 32210, 118698
58182, 0, 58, 147, 79, 0, 10.97%, 1, 7, 2, 6.41, 32241, 118698
58187, 0, 58, 147, 79, 0, 10.97%, 1, 7, 2, 6.44, 32275, 118698
58192, 0, 58, 147, 79, 0, 10.97%, 1, 7, 2, 6.27, 32307, 118698
58197, 0, 58, 147, 79, 0, 10.97%, 1, 7, 2, 6.20, 32339, 118698
58202, 0, 58, 147, 79, 0, 10.97%, 1, 7, 2, 6.28, 32371, 118698
58207, 0, 89, 147, 78, 0, 10.97%, 1, 7, 2, 6.54, 32405, 118698
58212, 0, 89, 147, 78, 0, 10.97%, 1, 7, 2, 6.42, 32437, 118698
58218, 0, 89, 147, 78, 0, 10.97%, 1, 7, 2, 6.58, 32471, 118698
58223, 0, 89, 147, 78, 0, 10.97%, 1, 7, 2, 6.87, 32507, 118698
58228, 0, 89, 147, 78, 0, 10.97%, 1, 7, 2, 7.19, 32545, 118698
58233, 0, 89, 147, 78, 0, 10.97%, 1, 7, 2, 6.95, 32581, 118698
58239, 0, 89, 147, 78, 0, 10.97%, 1, 7, 2, 5.08, 32604, 118698
58244, 0, 84, 147, 77, 0, 10.97%, 1, 7, 2, 5.69, 32634, 118698
58249, 0, 84, 147, 77, 0, 10.97%, 1, 7, 2, 6.26, 32667, 118698
58254, 0, 84, 147, 77, 0, 10.97%, 1, 7, 2, 6.59, 32701, 118698
58259, 0, 84, 147, 77, 0, 10.97%, 1, 7, 2, 7.06, 32737, 118698
58264, 0, 84, 147, 77, 0, 10.97%, 1, 7, 2, 6.63, 32772, 118698
58269, 0, 84, 147, 77, 0, 10.97%, 1, 7, 2, 6.04, 32801, 118698
58274, 0, 100, 147, 77, 0, 10.97%, 1, 7, 2, 6.10, 32833, 118698
58280, 0, 100, 147, 77, 0, 10.97%, 1, 7, 2, 6.14, 32865, 118698
58285, 0, 100, 147, 77, 0, 10.97%, 1, 7, 2, 6.39, 32898, 118698
58290, 0, 100, 147, 77, 0, 10.97%, 1, 7, 2, 5.09, 32920, 118698
58294, 0, 100, 147, 77, 0, 10.97%, 1, 7, 2, 0.00, 32939, 118698
