# relative_time, cycles_done, cur_item, corpus_count, pending_total, pending_favs, map_size, saved_crashes, saved_hangs, max_depth, execs_per_sec, total_execs, edges_found
69, 0, 1, 3, 3, 3, 10.01%, 0, 0, 1, 0.03, 38, 108319
104, 0, 1, 3, 3, 3, 10.01%, 0, 0, 1, 0.03, 39, 108319
139, 0, 1, 3, 3, 3, 10.01%, 0, 0, 1, 0.03, 40, 108319
156, 0, 1, 3, 3, 3, 10.01%, 0, 0, 1, 0.03, 41, 108319
174, 0, 1, 3, 3, 3, 10.01%, 0, 0, 1, 0.03, 42, 108319
191, 0, 1, 3, 3, 3, 10.01%, 0, 0, 1, 0.03, 43, 108319
208, 0, 1, 3, 3, 3, 10.01%, 0, 0, 1, 0.04, 44, 108319
226, 0, 1, 3, 3, 3, 10.01%, 0, 0, 1, 0.04, 45, 108319
244, 0, 1, 3, 3, 3, 10.01%, 0, 0, 1, 0.04, 46, 108319
261, 0, 1, 3, 3, 3, 10.01%, 0, 0, 1, 0.04, 47, 108319
288, 0, 1, 3, 3, 3, 10.01%, 0, 0, 1, 0.04, 48, 108319
333, 0, 1, 3, 3, 3, 10.01%, 0, 0, 1, 0.04, 49, 108319
378, 0, 1, 3, 3, 3, 10.01%, 0, 0, 1, 0.04, 50, 108319
422, 0, 1, 3, 3, 3, 10.01%, 0, 0, 1, 0.04, 51, 108319
467, 0, 1, 3, 3, 3, 10.01%, 0, 0, 1, 0.04, 52, 108319
512, 0, 1, 3, 3, 3, 10.01%, 0, 0, 1, 0.03, 53, 108319
529, 0, 1, 3, 3, 3, 10.01%, 0, 0, 1, 0.04, 54, 108319
548, 0, 1, 3, 3, 3, 10.01%, 0, 0, 1, 0.04, 55, 108319
565, 0, 1, 3, 3, 3, 10.01%, 0, 0, 1, 0.04, 56, 108319
582, 0, 1, 3, 3, 3, 10.01%, 0, 0, 1, 0.04, 57, 108319
602, 0, 1, 3, 3, 3, 10.01%, 0, 0, 1, 0.04, 58, 108319
620, 0, 1, 3, 3, 3, 10.01%, 0, 0, 1, 0.04, 59, 108319
638, 0, 1, 3, 3, 3, 10.01%, 0, 0, 1, 0.04, 60, 108319
656, 0, 1, 3, 3, 3, 10.01%, 0, 0, 1, 0.04, 61, 108319
674, 0, 1, 3, 3, 3, 10.01%, 0, 0, 1, 0.04, 62, 108319
691, 0, 1, 3, 3, 3, 10.01%, 0, 0, 1, 0.04, 63, 108319
710, 0, 1, 3, 3, 3, 10.01%, 0, 0, 1, 0.05, 64, 108319
728, 0, 1, 3, 3, 3, 10.01%, 0, 0, 1, 0.05, 65, 108319
745, 0, 1, 3, 3, 3, 10.01%, 0, 0, 1, 0.05, 66, 108319
763, 0, 1, 3, 3, 3, 10.01%, 0, 0, 1, 0.05, 67, 108319
781, 0, 1, 3, 3, 3, 10.01%, 0, 0, 1, 0.05, 68, 108319
799, 0, 1, 3, 3, 3, 10.01%, 0, 0, 1, 0.05, 69, 108319
1031, 0, 1, 4, 4, 3, 10.01%, 0, 0, 2, 0.05, 82, 108345
1049, 0, 1, 4, 4, 3, 10.01%, 0, 0, 2, 0.05, 83, 108345
1280, 0, 1, 5, 5, 3, 10.01%, 0, 0, 2, 0.05, 96, 108345
1511, 0, 1, 6, 6, 3, 10.01%, 0, 0, 2, 0.05, 109, 108345
1742, 0, 1, 7, 7, 3, 10.01%, 0, 0, 2, 0.05, 122, 108345
2090, 0, 1, 8, 8, 3, 10.01%, 0, 0, 2, 0.05, 135, 108345
2554, 0, 1, 9, 9, 3, 10.01%, 0, 0, 2, 0.05, 148, 108350
2905, 0, 1, 10, 10, 3, 10.04%, 0, 0, 2, 0.05, 161, 108635
3136, 0, 1, 11, 11, 3, 10.04%, 0, 0, 2, 0.05, 174, 108635
3155, 0, 1, 11, 11, 3, 10.04%, 0, 0, 2, 0.05, 175, 108635
3487, 0, 1, 12, 12, 3, 10.04%, 0, 0, 2, 0.05, 188, 108639
3505, 0, 1, 12, 12, 3, 10.04%, 0, 0, 2, 0.05, 189, 108639
3723, 0, 1, 13, 13, 3, 10.31%, 0, 0, 2, 0.05, 202, 111588
4207, 0, 1, 14, 14, 3, 10.31%, 0, 0, 2, 0.05, 215, 111602
4449, 0, 1, 15, 15, 3, 10.31%, 0, 0, 2, 0.05, 228, 111607
4692, 0, 1, 16, 16, 3, 10.31%, 0, 0, 2, 0.05, 241, 111613
5162, 0, 1, 17, 17, 3, 10.36%, 0, 0, 2, 0.05, 254, 112161
5394, 0, 1, 18, 18, 3, 10.36%, 0, 0, 2, 0.05, 267, 112161
5631, 0, 1, 19, 19, 3, 10.36%, 0, 0, 2, 0.05, 280, 112161
5985, 0, 1, 20, 20, 3, 10.36%, 0, 0, 2, 0.05, 293, 112161
6003, 0, 1, 20, 20, 3, 10.36%, 0, 0, 2, 0.05, 294, 112161
6238, 0, 1, 21, 21, 3, 10.37%, 0, 0, 2, 0.05, 307, 112293
6464, 0, 1, 22, 22, 3, 10.37%, 0, 0, 2, 0.05, 320, 112294
6828, 0, 1, 23, 23, 3, 10.37%, 0, 0, 2, 0.05, 333, 112294
6847, 0, 1, 23, 23, 3, 10.37%, 0, 0, 2, 0.05, 334, 112294
7078, 0, 1, 24, 24, 3, 10.42%, 0, 0, 2, 0.05, 347, 112829
7288, 0, 1, 25, 25, 3, 10.42%, 0, 0, 2, 0.05, 360, 112829
7304, 0, 1, 25, 25, 3, 10.42%, 0, 0, 2, 0.05, 361, 112829
7630, 0, 1, 26, 26, 3, 10.42%, 0, 0, 2, 0.05, 374, 112831
7647, 0, 1, 26, 26, 3, 10.42%, 0, 0, 2, 0.05, 375, 112831
8134, 0, 1, 27, 27, 3, 10.59%, 0, 0, 2, 0.05, 388, 114663
8373, 0, 1, 28, 28, 3, 10.59%, 0, 0, 2, 0.05, 401, 114665
8390, 0, 1, 28, 28, 3, 10.59%, 0, 0, 2, 0.05, 402, 114665
8613, 0, 1, 29, 29, 3, 10.63%, 0, 0, 2, 0.05, 415, 115098
8629, 0, 1, 29, 29, 3, 10.63%, 0, 0, 2, 0.05, 416, 115098
8646, 0, 1, 29, 29, 3, 10.63%, 0, 0, 2, 0.05, 417, 115098
8998, 0, 1, 30, 30, 3, 10.96%, 0, 0, 2, 0.05, 430, 118694
9353, 0, 1, 31, 31, 3, 11.14%, 0, 0, 2, 0.05, 443, 120589
9679, 0, 1, 32, 32, 3, 11.14%, 0, 0, 2, 0.05, 456, 120613
9697, 0, 1, 32, 32, 3, 11.14%, 0, 0, 2, 0.05, 457, 120613
9713, 0, 1, 32, 32, 3, 11.14%, 0, 0, 2, 0.05, 458, 120613
10053, 0, 1, 33, 33, 3, 11.14%, 0, 0, 2, 0.05, 471, 120627
10070, 0, 1, 33, 33, 3, 11.14%, 0, 0, 2, 0.05, 472, 120627
10086, 0, 1, 33, 33, 3, 11.14%, 0, 0, 2, 0.05, 473, 120627
10428, 0, 1, 34, 34, 3, 11.18%, 0, 0, 2, 0.05, 486, 121054
10781, 0, 1, 35, 35, 3, 11.19%, 0, 0, 2, 0.05, 499, 121131
10994, 0, 1, 36, 36, 3, 11.19%, 0, 0, 2, 0.05, 512, 121131
11430, 0, 1, 37, 37, 3, 11.20%, 0, 0, 2, 0.05, 525, 121220
11817, 0, 1, 38, 38, 3, 11.21%, 0, 0, 2, 0.05, 538, 121308
12028, 0, 1, 39, 39, 3, 11.21%, 0, 0, 2, 0.05, 551, 121308
12046, 0, 1, 39, 39, 3, 11.21%, 0, 0, 2, 0.05, 552, 121308
12254, 0, 1, 40, 40, 3, 11.21%, 0, 0, 2, 0.05, 565, 121308
12485, 0, 1, 41, 41, 3, 11.22%, 0, 0, 2, 0.05, 578, 121470
12905, 0, 1, 42, 42, 3, 11.22%, 0, 0, 2, 0.05, 591, 121500
12921, 0, 1, 42, 42, 3, 11.22%, 0, 0, 2, 0.05, 592, 121500
12937, 0, 1, 42, 42, 3, 11.22%, 0, 0, 2, 0.05, 593, 121500
12954, 0, 1, 42, 42, 3, 11.22%, 0, 0, 2, 0.05, 594, 121500
12970, 0, 1, 42, 42, 3, 11.22%, 0, 0, 2, 0.05, 595, 121500
12984, 0, 1, 42, 42, 3, 11.22%, 0, 0, 2, 0.05, 596, 121500
13336, 0, 1, 43, 43, 3, 11.22%, 0, 0, 2, 0.05, 609, 121507
13352, 0, 1, 43, 43, 3, 11.22%, 0, 0, 2, 0.05, 610, 121507
13370, 0, 1, 43, 43, 3, 11.22%, 0, 0, 2, 0.05, 611, 121507
13589, 0, 1, 44, 44, 3, 11.22%, 0, 0, 2, 0.05, 624, 121507
13801, 0, 1, 45, 45, 3, 11.22%, 0, 0, 2, 0.05, 637, 121507
13817, 0, 1, 45, 45, 3, 11.22%, 0, 0, 2, 0.05, 638, 121507
14275, 0, 1, 46, 46, 3, 11.22%, 0, 0, 2, 0.05, 651, 121507
14497, 0, 1, 47, 47, 3, 11.22%, 0, 0, 2, 0.05, 664, 121510
14513, 0, 1, 47, 47, 3, 11.22%, 0, 0, 2, 0.05, 665, 121510
14766, 0, 1, 48, 48, 3, 11.23%, 0, 0, 2, 0.05, 678, 121513
15356, 0, 1, 49, 49, 3, 11.24%, 0, 0, 2, 0.05, 691, 121626
15690, 0, 1, 50, 50, 3, 11.24%, 0, 0, 2, 0.05, 704, 121626
15706, 0, 1, 50, 50, 3, 11.24%, 0, 0, 2, 0.05, 705, 121626
16042, 0, 1, 51, 51, 3, 11.24%, 0, 0, 2, 0.05, 718, 121626
16058, 0, 1, 51, 51, 3, 11.24%, 0, 0, 2, 0.05, 719, 121626
16075, 0, 1, 51, 51, 3, 11.24%, 0, 0, 2, 0.05, 720, 121626
16093, 0, 1, 51, 51, 3, 11.24%, 0, 0, 2, 0.05, 721, 121626
16112, 0, 1, 51, 51, 3, 11.24%, 0, 0, 2, 0.05, 722, 121626
16148, 0, 1, 51, 51, 3, 11.24%, 0, 0, 2, 0.05, 723, 121626
16165, 0, 1, 51, 51, 3, 11.24%, 0, 0, 2, 0.05, 724, 121626
16181, 0, 1, 51, 51, 3, 11.24%, 0, 0, 2, 0.05, 725, 121626
16638, 0, 1, 52, 52, 3, 11.24%, 0, 0, 2, 0.05, 738, 121626
16656, 0, 1, 52, 52, 3, 11.24%, 0, 0, 2, 0.05, 739, 121626
16673, 0, 1, 52, 52, 3, 11.24%, 0, 0, 2, 0.05, 740, 121626
16690, 0, 1, 52, 52, 3, 11.24%, 0, 0, 2, 0.05, 741, 121626
17027, 0, 1, 53, 53, 3, 11.24%, 0, 0, 2, 0.05, 754, 121626
17245, 0, 1, 54, 54, 3, 11.24%, 0, 0, 2, 0.05, 767, 121628
17561, 0, 1, 55, 55, 3, 11.24%, 0, 0, 2, 0.05, 780, 121628
17580, 0, 1, 55, 55, 3, 11.24%, 0, 0, 2, 0.05, 781, 121628
17596, 0, 1, 55, 55, 3, 11.24%, 0, 0, 2, 0.05, 782, 121628
17613, 0, 1, 55, 55, 3, 11.24%, 0, 0, 2, 0.05, 783, 121628
18088, 0, 1, 56, 56, 3, 11.24%, 0, 0, 2, 0.05, 796, 121628
18105, 0, 1, 56, 56, 3, 11.24%, 0, 0, 2, 0.05, 797, 121628
18121, 0, 1, 56, 56, 3, 11.24%, 0, 0, 2, 0.05, 798, 121628
18336, 0, 1, 57, 57, 3, 11.24%, 0, 0, 2, 0.05, 811, 121628
18352, 0, 1, 57, 57, 3, 11.24%, 0, 0, 2, 0.05, 812, 121628
18368, 0, 1, 57, 57, 3, 11.24%, 0, 0, 2, 0.05, 813, 121628
18385, 0, 1, 57, 57, 3, 11.24%, 0, 0, 2, 0.05, 814, 121628
18400, 0, 1, 57, 57, 3, 11.24%, 0, 0, 2, 0.05, 815, 121628
18729, 0, 1, 58, 58, 3, 11.26%, 0, 0, 2, 0.05, 828, 121841
18744, 0, 1, 58, 58, 3, 11.26%, 0, 0, 2, 0.05, 829, 121841
19237, 0, 1, 59, 59, 3, 11.26%, 0, 0, 2, 0.05, 842, 121844
19478, 0, 1, 60, 60, 3, 11.26%, 0, 0, 2, 0.05, 855, 121844
19495, 0, 1, 60, 60, 3, 11.26%, 0, 0, 2, 0.05, 856, 121844
19869, 0, 1, 61, 61, 3, 11.26%, 0, 0, 2, 0.05, 869, 121846
20467, 0, 1, 62, 62, 3, 11.26%, 0, 0, 2, 0.05, 882, 121846
20486, 0, 1, 62, 62, 3, 11.26%, 0, 0, 2, 0.05, 883, 121846
20972, 0, 1, 63, 63, 3, 11.27%, 0, 0, 2, 0.05, 896, 122039
21558, 0, 1, 64, 64, 3, 11.27%, 0, 0, 2, 0.05, 909, 122039
22051, 0, 1, 65, 65, 3, 11.27%, 0, 0, 2, 0.05, 922, 122039
22070, 0, 1, 65, 65, 3, 11.27%, 0, 0, 2, 0.05, 923, 122039
22088, 0, 1, 65, 65, 3, 11.27%, 0, 0, 2, 0.05, 924, 122039
22114, 0, 1, 65, 65, 3, 11.27%, 0, 0, 2, 0.05, 925, 122039
22132, 0, 1, 65, 65, 3, 11.27%, 0, 0, 2, 0.05, 926, 122039
22358, 0, 1, 66, 66, 3, 11.27%, 0, 0, 2, 0.05, 939, 122039
23163, 0, 1, 67, 67, 3, 11.28%, 0, 0, 2, 0.05, 952, 122077
23180, 0, 1, 67, 67, 3, 11.28%, 0, 0, 2, 0.05, 953, 122077
23531, 0, 1, 68, 68, 3, 11.28%, 0, 0, 2, 0.05, 966, 122077
23550, 0, 1, 68, 68, 3, 11.28%, 0, 0, 2, 0.05, 967, 122077
23567, 0, 1, 68, 68, 3, 11.28%, 0, 0, 2, 0.05, 968, 122077
23585, 0, 1, 68, 68, 3, 11.28%, 0, 0, 2, 0.05, 969, 122077
23944, 0, 1, 69, 69, 3, 11.28%, 0, 0, 2, 0.05, 982, 122077
23963, 0, 1, 69, 69, 3, 11.28%, 0, 0, 2, 0.05, 983, 122077
23981, 0, 1, 69, 69, 3, 11.28%, 0, 0, 2, 0.05, 984, 122077
24457, 0, 1, 70, 70, 3, 11.28%, 0, 0, 2, 0.05, 997, 122077
24474, 0, 1, 70, 70, 3, 11.28%, 0, 0, 2, 0.05, 998, 122077
24493, 0, 1, 70, 70, 3, 11.28%, 0, 0, 2, 0.05, 999, 122077
24838, 0, 1, 71, 71, 3, 11.28%, 0, 0, 2, 0.05, 1012, 122079
24856, 0, 1, 71, 71, 3, 11.28%, 0, 0, 2, 0.05, 1013, 122079
24900, 0, 1, 71, 71, 3, 11.28%, 0, 0, 2, 0.05, 1014, 122079
24918, 0, 1, 71, 71, 3, 11.28%, 0, 0, 2, 0.05, 1015, 122079
24936, 0, 1, 71, 71, 3, 11.28%, 0, 0, 2, 0.05, 1016, 122079
25645, 0, 1, 72, 72, 3, 11.28%, 0, 0, 2, 0.05, 1029, 122081
25662, 0, 1, 72, 72, 3, 11.28%, 0, 0, 2, 0.05, 1030, 122081
25681, 0, 1, 72, 72, 3, 11.28%, 0, 0, 2, 0.05, 1031, 122081
25699, 0, 1, 72, 72, 3, 11.28%, 0, 0, 2, 0.05, 1032, 122081
26217, 0, 1, 73, 73, 3, 11.28%, 0, 0, 2, 0.05, 1045, 122088
26461, 0, 1, 74, 74, 3, 11.28%, 0, 0, 2, 0.05, 1058, 122088
26976, 0, 1, 75, 75, 3, 11.28%, 0, 0, 2, 0.04, 1071, 122088
27255, 0, 1, 76, 76, 3, 11.30%, 0, 0, 2, 0.05, 1084, 122320
27275, 0, 1, 76, 76, 3, 11.30%, 0, 0, 2, 0.05, 1085, 122320
27294, 0, 1, 76, 76, 3, 11.30%, 0, 0, 2, 0.05, 1086, 122320
27316, 0, 1, 76, 76, 3, 11.30%, 0, 0, 2, 0.05, 1087, 122320
27335, 0, 1, 76, 76, 3, 11.30%, 0, 0, 2, 0.05, 1088, 122320
28063, 0, 1, 77, 77, 3, 11.30%, 0, 0, 2, 0.04, 1101, 122320
28431, 0, 1, 78, 78, 3, 11.30%, 0, 0, 2, 0.04, 1114, 122341
28453, 0, 1, 78, 78, 3, 11.30%, 0, 0, 2, 0.04, 1115, 122341
29077, 0, 1, 79, 79, 3, 11.30%, 0, 0, 2, 0.04, 1128, 122365
29097, 0, 1, 79, 79, 3, 11.30%, 0, 0, 2, 0.04, 1129, 122365
29115, 0, 1, 79, 79, 3, 11.30%, 0, 0, 2, 0.04, 1130, 122365
29135, 0, 1, 79, 79, 3, 11.30%, 0, 0, 2, 0.04, 1131, 122365
29377, 0, 1, 80, 80, 3, 11.30%, 0, 0, 2, 0.04, 1144, 122365
29396, 0, 1, 80, 80, 3, 11.30%, 0, 0, 2, 0.05, 1145, 122365
29415, 0, 1, 80, 80, 3, 11.30%, 0, 0, 2, 0.05, 1146, 122365
29923, 0, 1, 81, 81, 3, 11.30%, 0, 0, 2, 0.04, 1159, 122365
30404, 0, 1, 82, 82, 3, 11.30%, 0, 0, 2, 0.04, 1172, 122365
30422, 0, 1, 82, 82, 3, 11.30%, 0, 0, 2, 0.04, 1173, 122365
30442, 0, 1, 82, 82, 3, 11.30%, 0, 0, 2, 0.04, 1174, 122365
30492, 0, 1, 82, 82, 3, 11.30%, 0, 0, 2, 0.04, 1175, 122365
30592, 0, 1, 82, 82, 3, 11.30%, 0, 1, 2, 0.04, 1176, 122365
30612, 0, 1, 82, 82, 3, 11.30%, 0, 1, 2, 0.04, 1177, 122365
30631, 0, 1, 82, 82, 3, 11.30%, 0, 1, 2, 0.04, 1178, 122365
30652, 0, 1, 82, 82, 3, 11.30%, 0, 1, 2, 0.04, 1179, 122365
30671, 0, 1, 82, 82, 3, 11.30%, 0, 1, 2, 0.04, 1180, 122365
30692, 0, 1, 82, 82, 3, 11.30%, 0, 1, 2, 0.04, 1181, 122365
30939, 0, 1, 83, 83, 3, 11.30%, 0, 1, 2, 0.04, 1194, 122366
30968, 0, 1, 83, 83, 3, 11.30%, 0, 1, 2, 0.04, 1195, 122366
31602, 0, 1, 84, 84, 3, 11.33%, 0, 1, 2, 0.04, 1208, 122690
31621, 0, 1, 84, 84, 3, 11.33%, 0, 1, 2, 0.04, 1209, 122690
31639, 0, 1, 84, 84, 3, 11.33%, 0, 1, 2, 0.04, 1210, 122690
31661, 0, 1, 84, 84, 3, 11.33%, 0, 1, 2, 0.04, 1211, 122690
31681, 0, 1, 84, 84, 3, 11.33%, 0, 1, 2, 0.04, 1212, 122690
31701, 0, 1, 84, 84, 3, 11.33%, 0, 1, 2, 0.04, 1213, 122690
31720, 0, 1, 84, 84, 3, 11.33%, 0, 1, 2, 0.04, 1214, 122690
31748, 0, 1, 84, 84, 3, 11.33%, 0, 1, 2, 0.04, 1215, 122690
31767, 0, 1, 84, 84, 3, 11.33%, 0, 1, 2, 0.04, 1216, 122690
32262, 0, 1, 85, 85, 3, 11.33%, 0, 1, 2, 0.04, 1229, 122693
32784, 0, 1, 86, 86, 3, 11.33%, 0, 1, 2, 0.04, 1242, 122694
32805, 0, 1, 86, 86, 3, 11.33%, 0, 1, 2, 0.04, 1243, 122694
33435, 0, 1, 87, 87, 3, 11.33%, 0, 1, 2, 0.04, 1256, 122696
33934, 0, 1, 88, 88, 3, 11.33%, 0, 1, 2, 0.04, 1269, 122696
33973, 0, 1, 88, 88, 3, 11.33%, 0, 1, 2, 0.04, 1270, 122696
33992, 0, 1, 88, 88, 3, 11.33%, 0, 1, 2, 0.04, 1271, 122696
34233, 0, 1, 89, 89, 3, 11.33%, 0, 1, 2, 0.04, 1284, 122696
34252, 0, 1, 89, 89, 3, 11.33%, 0, 1, 2, 0.04, 1285, 122696
34269, 0, 1, 89, 89, 3, 11.33%, 0, 1, 2, 0.04, 1286, 122696
34289, 0, 1, 89, 89, 3, 11.33%, 0, 1, 2, 0.04, 1287, 122696
34311, 0, 1, 89, 89, 3, 11.33%, 0, 1, 2, 0.04, 1288, 122696
34329, 0, 1, 89, 89, 3, 11.33%, 0, 1, 2, 0.04, 1289, 122696
34348, 0, 1, 89, 89, 3, 11.33%, 0, 1, 2, 0.04, 1290, 122696
34367, 0, 1, 89, 89, 3, 11.33%, 0, 1, 2, 0.05, 1291, 122696
34387, 0, 1, 89, 89, 3, 11.33%, 0, 1, 2, 0.05, 1292, 122696
34407, 0, 1, 89, 89, 3, 11.33%, 0, 1, 2, 0.05, 1293, 122696
34427, 0, 1, 89, 89, 3, 11.33%, 0, 1, 2, 0.05, 1294, 122696
34446, 0, 1, 89, 89, 3, 11.33%, 0, 1, 2, 0.05, 1295, 122696
34465, 0, 1, 89, 89, 3, 11.33%, 0, 1, 2, 0.05, 1296, 122696
35107, 0, 1, 90, 90, 3, 11.33%, 0, 1, 2, 0.05, 1309, 122696
35135, 0, 1, 90, 90, 3, 11.33%, 0, 1, 2, 0.04, 1310, 122696
35621, 0, 1, 91, 91, 3, 11.34%, 0, 1, 2, 0.04, 1323, 122706
35640, 0, 1, 91, 91, 3, 11.34%, 0, 1, 2, 0.04, 1324, 122706
35659, 0, 1, 91, 91, 3, 11.34%, 0, 1, 2, 0.04, 1325, 122706
35679, 0, 1, 91, 91, 3, 11.34%, 0, 1, 2, 0.04, 1326, 122706
35698, 0, 1, 91, 91, 3, 11.34%, 0, 1, 2, 0.05, 1327, 122706
35718, 0, 1, 91, 91, 3, 11.34%, 0, 1, 2, 0.05, 1328, 122706
35737, 0, 1, 91, 91, 3, 11.34%, 0, 1, 2, 0.05, 1329, 122706
36029, 0, 1, 92, 92, 3, 11.34%, 0, 1, 2, 0.05, 1342, 122706
36797, 0, 1, 93, 93, 3, 11.34%, 0, 1, 2, 0.04, 1355, 122722
36815, 0, 1, 93, 93, 3, 11.34%, 0, 1, 2, 0.04, 1356, 122722
36835, 0, 1, 93, 93, 3, 11.34%, 0, 1, 2, 0.05, 1357, 122722
36854, 0, 1, 93, 93, 3, 11.34%, 0, 1, 2, 0.05, 1358, 122722
37134, 0, 1, 94, 94, 3, 11.34%, 0, 1, 2, 0.05, 1371, 122730
37152, 0, 1, 94, 94, 3, 11.34%, 0, 1, 2, 0.05, 1372, 122730
37178, 0, 1, 94, 94, 3, 11.34%, 0, 1, 2, 0.05, 1373, 122730
37197, 0, 1, 94, 94, 3, 11.34%, 0, 1, 2, 0.05, 1374, 122730
37216, 0, 1, 94, 94, 3, 11.34%, 0, 1, 2, 0.05, 1375, 122730
37236, 0, 1, 94, 94, 3, 11.34%, 0, 1, 2, 0.05, 1376, 122730
37262, 0, 1, 94, 94, 3, 11.34%, 0, 1, 2, 0.05, 1377, 122730
37281, 0, 1, 94, 94, 3, 11.34%, 0, 1, 2, 0.05, 1378, 122730
37309, 0, 1, 94, 94, 3, 11.34%, 0, 1, 2, 0.05, 1379, 122730
37329, 0, 1, 94, 94, 3, 11.34%, 0, 1, 2, 0.05, 1380, 122730
37862, 0, 1, 95, 95, 3, 11.34%, 0, 1, 2, 0.04, 1393, 122753
37882, 0, 1, 95, 95, 3, 11.34%, 0, 1, 2, 0.05, 1394, 122753
38502, 0, 1, 96, 96, 3, 11.47%, 0, 1, 2, 0.04, 1407, 124132
38519, 0, 1, 96, 96, 3, 11.47%, 0, 1, 2, 0.04, 1408, 124132
38536, 0, 1, 96, 96, 3, 11.47%, 0, 1, 2, 0.05, 1409, 124132
38552, 0, 1, 96, 96, 3, 11.47%, 0, 1, 2, 0.05, 1410, 124132
38865, 0, 1, 97, 97, 3, 11.47%, 0, 1, 2, 0.04, 1415, 124201
39113, 0, 1, 98, 98, 3, 11.47%, 0, 1, 2, 0.05, 1428, 124201
39133, 0, 1, 98, 98, 3, 11.47%, 0, 1, 2, 0.05, 1429, 124201
39152, 0, 1, 98, 98, 3, 11.47%, 0, 1, 2, 0.05, 1430, 124201
39443, 0, 1, 99, 99, 3, 11.48%, 0, 1, 2, 0.05, 1443, 124325
39463, 0, 1, 99, 99, 3, 11.48%, 0, 1, 2, 0.05, 1444, 124325
39483, 0, 1, 99, 99, 3, 11.48%, 0, 1, 2, 0.05, 1445, 124325
39513, 0, 1, 99, 99, 3, 11.48%, 0, 1, 2, 0.05, 1446, 124325
39533, 0, 1, 99, 99, 3, 11.48%, 0, 1, 2, 0.05, 1447, 124325
39553, 0, 1, 99, 99, 3, 11.48%, 0, 1, 2, 0.05, 1448, 124325
39598, 0, 1, 99, 99, 3, 11.48%, 0, 1, 2, 0.04, 1449, 124325
39628, 0, 1, 99, 99, 3, 11.48%, 0, 1, 2, 0.04, 1450, 124325
39646, 0, 1, 99, 99, 3, 11.48%, 0, 1, 2, 0.04, 1451, 124325
39665, 0, 1, 99, 99, 3, 11.48%, 0, 1, 2, 0.05, 1452, 124325
39684, 0, 1, 99, 99, 3, 11.48%, 0, 1, 2, 0.05, 1453, 124325
39703, 0, 1, 99, 99, 3, 11.48%, 0, 1, 2, 0.05, 1454, 124325
40061, 0, 1, 100, 100, 3, 11.48%, 0, 1, 2, 0.05, 1467, 124325
40080, 0, 1, 100, 100, 3, 11.48%, 0, 1, 2, 0.05, 1468, 124325
40098, 0, 1, 100, 100, 3, 11.48%, 0, 1, 2, 0.05, 1469, 124325
40118, 0, 1, 100, 100, 3, 11.48%, 0, 1, 2, 0.05, 1470, 124325
40138, 0, 1, 100, 100, 3, 11.48%, 0, 1, 2, 0.05, 1471, 124325
40157, 0, 1, 100, 100, 3, 11.48%, 0, 1, 2, 0.05, 1472, 124325
40176, 0, 1, 100, 100, 3, 11.48%, 0, 1, 2, 0.05, 1473, 124325
40195, 0, 1, 100, 100, 3, 11.48%, 0, 1, 2, 0.05, 1474, 124325
40216, 0, 1, 100, 100, 3, 11.48%, 0, 1, 2, 0.05, 1475, 124325
40235, 0, 1, 100, 100, 3, 11.48%, 0, 1, 2, 0.05, 1476, 124325
40256, 0, 1, 100, 100, 3, 11.48%, 0, 1, 2, 0.05, 1477, 124325
40293, 0, 1, 100, 100, 3, 11.48%, 0, 1, 2, 0.05, 1478, 124325
40312, 0, 1, 100, 100, 3, 11.48%, 0, 1, 2, 0.05, 1479, 124325
40331, 0, 1, 100, 100, 3, 11.48%, 0, 1, 2, 0.05, 1480, 124325
40351, 0, 1, 100, 100, 3, 11.48%, 0, 1, 2, 0.05, 1481, 124325
40370, 0, 1, 100, 100, 3, 11.48%, 0, 1, 2, 0.05, 1482, 124325
40866, 0, 1, 101, 101, 3, 11.51%, 0, 1, 2, 0.05, 1495, 124585
40884, 0, 1, 101, 101, 3, 11.51%, 0, 1, 2, 0.05, 1496, 124585
40911, 0, 1, 101, 101, 3, 11.51%, 0, 1, 2, 0.05, 1497, 124585
41259, 0, 1, 102, 102, 3, 11.51%, 0, 1, 2, 0.05, 1510, 124585
41280, 0, 1, 102, 102, 3, 11.51%, 0, 1, 2, 0.05, 1511, 124585
41299, 0, 1, 102, 102, 3, 11.51%, 0, 1, 2, 0.05, 1512, 124585
41975, 0, 1, 103, 103, 3, 11.51%, 0, 1, 2, 0.04, 1525, 124585
41994, 0, 1, 103, 103, 3, 11.51%, 0, 1, 2, 0.05, 1526, 124585
42013, 0, 1, 103, 103, 3, 11.51%, 0, 1, 2, 0.05, 1527, 124585
42034, 0, 1, 103, 103, 3, 11.51%, 0, 1, 2, 0.05, 1528, 124585
42053, 0, 1, 103, 103, 3, 11.51%, 0, 1, 2, 0.05, 1529, 124585
42072, 0, 1, 103, 103, 3, 11.51%, 0, 1, 2, 0.05, 1530, 124585
42100, 0, 1, 103, 103, 3, 11.51%, 0, 1, 2, 0.05, 1531, 124585
42119, 0, 1, 103, 103, 3, 11.51%, 0, 1, 2, 0.05, 1532, 124585
42139, 0, 1, 103, 103, 3, 11.51%, 0, 1, 2, 0.05, 1533, 124585
42156, 0, 1, 103, 103, 3, 11.51%, 0, 1, 2, 0.05, 1534, 124585
42176, 0, 1, 103, 103, 3, 11.51%, 0, 1, 2, 0.05, 1535, 124585
42636, 0, 1, 104, 104, 3, 11.51%, 0, 1, 2, 0.05, 1548, 124594
42663, 0, 1, 104, 104, 3, 11.51%, 0, 1, 2, 0.05, 1549, 124594
42683, 0, 1, 104, 104, 3, 11.51%, 0, 1, 2, 0.05, 1550, 124594
42703, 0, 1, 104, 104, 3, 11.51%, 0, 1, 2, 0.05, 1551, 124594
42950, 0, 1, 105, 105, 3, 11.51%, 0, 1, 2, 0.05, 1564, 124597
42969, 0, 1, 105, 105, 3, 11.51%, 0, 1, 2, 0.05, 1565, 124597
42989, 0, 1, 105, 105, 3, 11.51%, 0, 1, 2, 0.05, 1566, 124597
43445, 0, 1, 106, 106, 3, 11.51%, 0, 1, 2, 0.05, 1579, 124597
44247, 0, 1, 107, 107, 3, 11.51%, 0, 1, 2, 0.04, 1592, 124598
44275, 0, 1, 107, 107, 3, 11.51%, 0, 1, 2, 0.04, 1593, 124598
44295, 0, 1, 107, 107, 3, 11.51%, 0, 1, 2, 0.04, 1594, 124598
44647, 0, 1, 108, 108, 3, 11.51%, 0, 1, 2, 0.04, 1607, 124598
44666, 0, 1, 108, 108, 3, 11.51%, 0, 1, 2, 0.04, 1608, 124598
44686, 0, 1, 108, 108, 3, 11.51%, 0, 1, 2, 0.04, 1609, 124598
44715, 0, 1, 108, 108, 3, 11.51%, 0, 1, 2, 0.04, 1610, 124598
44735, 0, 1, 108, 108, 3, 11.51%, 0, 1, 2, 0.04, 1611, 124598
44757, 0, 1, 108, 108, 3, 11.51%, 0, 1, 2, 0.04, 1612, 124598
44775, 0, 1, 108, 108, 3, 11.51%, 0, 1, 2, 0.05, 1613, 124598
44795, 0, 1, 108, 108, 3, 11.51%, 0, 1, 2, 0.05, 1614, 124598
44833, 0, 1, 108, 108, 3, 11.51%, 0, 1, 2, 0.04, 1615, 124598
44852, 0, 1, 108, 108, 3, 11.51%, 0, 1, 2, 0.04, 1616, 124598
44871, 0, 1, 108, 108, 3, 11.51%, 0, 1, 2, 0.05, 1617, 124598
45120, 0, 1, 109, 109, 3, 11.51%, 0, 1, 2, 0.05, 1630, 124598
45139, 0, 1, 109, 109, 3, 11.51%, 0, 1, 2, 0.05, 1631, 124598
46235, 0, 1, 110, 110, 3, 11.51%, 0, 1, 2, 0.04, 1644, 124604
46489, 0, 1, 111, 111, 3, 11.51%, 0, 1, 2, 0.04, 1657, 124632
46509, 0, 1, 111, 111, 3, 11.51%, 0, 1, 2, 0.04, 1658, 124632
46554, 0, 1, 111, 111, 3, 11.51%, 0, 1, 2, 0.04, 1659, 124632
46575, 0, 1, 111, 111, 3, 11.51%, 0, 1, 2, 0.04, 1660, 124632
46596, 0, 1, 111, 111, 3, 11.51%, 0, 1, 2, 0.04, 1661, 124632
47083, 0, 1, 112, 112, 3, 11.51%, 0, 1, 2, 0.04, 1674, 124632
47527, 0, 1, 113, 113, 3, 11.51%, 0, 1, 2, 0.04, 1687, 124632
47546, 0, 1, 113, 113, 3, 11.51%, 0, 1, 2, 0.04, 1688, 124632
48131, 0, 1, 114, 114, 3, 11.51%, 0, 1, 2, 0.04, 1701, 124633
48707, 0, 1, 115, 115, 3, 11.52%, 0, 1, 2, 0.04, 1714, 124666
48962, 0, 1, 116, 116, 3, 11.52%, 0, 1, 2, 0.04, 1727, 124668
48981, 0, 1, 116, 116, 3, 11.52%, 0, 1, 2, 0.04, 1728, 124668
49280, 0, 1, 117, 117, 3, 11.52%, 0, 1, 2, 0.04, 1741, 124671
49548, 0, 1, 118, 118, 3, 11.52%, 0, 1, 2, 0.00, 1747, 124674
