# relative_time, cycles_done, cur_item, corpus_count, pending_total, pending_favs, map_size, saved_crashes, saved_hangs, max_depth, execs_per_sec, total_execs, edges_found
69, 0, 0, 3, 3, 3, 10.37%, 0, 0, 1, 0.06, 40, 112264
86, 0, 0, 3, 3, 3, 10.37%, 0, 0, 1, 0.06, 41, 112264
103, 0, 0, 3, 3, 3, 10.37%, 0, 0, 1, 0.06, 42, 112264
119, 0, 0, 3, 3, 3, 10.37%, 0, 0, 1, 0.06, 43, 112264
136, 0, 0, 3, 3, 3, 10.37%, 0, 0, 1, 0.06, 44, 112264
153, 0, 0, 3, 3, 3, 10.37%, 0, 0, 1, 0.06, 45, 112264
169, 0, 0, 3, 3, 3, 10.37%, 0, 0, 1, 0.06, 46, 112264
187, 0, 0, 3, 3, 3, 10.37%, 0, 0, 1, 0.06, 47, 112264
211, 0, 0, 3, 3, 3, 10.37%, 0, 0, 1, 0.06, 48, 112264
235, 0, 0, 3, 3, 3, 10.37%, 0, 0, 1, 0.06, 49, 112264
259, 0, 0, 3, 3, 3, 10.37%, 0, 0, 1, 0.06, 50, 112264
283, 0, 0, 3, 3, 3, 10.37%, 0, 0, 1, 0.06, 51, 112264
307, 0, 0, 3, 3, 3, 10.37%, 0, 0, 1, 0.05, 52, 112264
331, 0, 0, 3, 3, 3, 10.37%, 0, 0, 1, 0.05, 53, 112264
355, 0, 0, 3, 3, 3, 10.37%, 0, 0, 1, 0.05, 54, 112264
379, 0, 0, 3, 3, 3, 10.37%, 0, 0, 1, 0.05, 55, 112264
403, 0, 0, 3, 3, 3, 10.37%, 0, 0, 1, 0.05, 56, 112264
427, 0, 0, 3, 3, 3, 10.37%, 0, 0, 1, 0.05, 57, 112264
450, 0, 0, 3, 3, 3, 10.37%, 0, 0, 1, 0.05, 58, 112264
466, 0, 0, 3, 3, 3, 10.37%, 0, 0, 1, 0.05, 59, 112264
483, 0, 0, 3, 3, 3, 10.37%, 0, 0, 1, 0.05, 60, 112264
500, 0, 0, 3, 3, 3, 10.37%, 0, 0, 1, 0.05, 61, 112264
517, 0, 0, 3, 3, 3, 10.37%, 0, 0, 1, 0.05, 62, 112264
534, 0, 0, 3, 3, 3, 10.37%, 0, 0, 1, 0.05, 63, 112264
551, 0, 0, 3, 3, 3, 10.37%, 0, 0, 1, 0.05, 64, 112264
568, 0, 0, 3, 3, 3, 10.37%, 0, 0, 1, 0.05, 65, 112264
585, 0, 0, 3, 3, 3, 10.37%, 0, 0, 1, 0.05, 66, 112264
602, 0, 0, 3, 3, 3, 10.37%, 0, 0, 1, 0.05, 67, 112264
619, 0, 0, 3, 3, 3, 10.37%, 0, 0, 1, 0.05, 68, 112264
636, 0, 0, 3, 3, 3, 10.37%, 0, 0, 1, 0.05, 69, 112264
655, 0, 0, 3, 3, 3, 10.37%, 0, 0, 1, 0.05, 70, 112264
673, 0, 0, 3, 3, 3, 10.37%, 0, 0, 1, 0.05, 71, 112264
895, 0, 0, 4, 4, 3, 10.37%, 0, 0, 2, 0.06, 84, 112265
913, 0, 0, 4, 4, 3, 10.37%, 0, 0, 2, 0.06, 85, 112265
1139, 0, 0, 5, 5, 3, 10.37%, 0, 0, 2, 0.06, 98, 112274
1367, 0, 0, 6, 6, 3, 10.37%, 0, 0, 2, 0.06, 111, 112279
1593, 0, 0, 7, 7, 3, 10.37%, 0, 0, 2, 0.06, 124, 112281
1915, 0, 0, 8, 8, 3, 10.38%, 0, 0, 2, 0.05, 137, 112358
2141, 0, 0, 9, 9, 3, 10.38%, 0, 0, 2, 0.05, 150, 112358
2372, 0, 0, 10, 10, 3, 10.38%, 0, 0, 2, 0.05, 163, 112377
2599, 0, 0, 11, 11, 3, 10.38%, 0, 0, 2, 0.05, 176, 112377
2617, 0, 0, 11, 11, 3, 10.38%, 0, 0, 2, 0.06, 177, 112377
2847, 0, 0, 12, 12, 3, 10.38%, 0, 0, 2, 0.06, 190, 112377
2865, 0, 0, 12, 12, 3, 10.38%, 0, 0, 2, 0.06, 191, 112377
3094, 0, 0, 13, 13, 3, 10.38%, 0, 0, 2, 0.06, 204, 112377
3326, 0, 0, 14, 14, 3, 10.38%, 0, 0, 2, 0.06, 217, 112378
3645, 0, 0, 15, 15, 3, 10.38%, 0, 0, 2, 0.05, 230, 112386
3881, 0, 0, 16, 16, 3, 10.38%, 0, 0, 2, 0.05, 243, 112386
4119, 0, 0, 17, 17, 3, 10.45%, 0, 0, 2, 0.05, 256, 113176
4339, 0, 0, 18, 18, 3, 10.45%, 0, 0, 2, 0.05, 269, 113176
4641, 0, 0, 19, 19, 3, 10.46%, 0, 0, 2, 0.05, 282, 113184
4871, 0, 0, 20, 20, 3, 10.46%, 0, 0, 2, 0.05, 295, 113185
4888, 0, 0, 20, 20, 3, 10.46%, 0, 0, 2, 0.05, 296, 113185
5138, 0, 0, 21, 21, 3, 10.46%, 0, 0, 2, 0.05, 309, 113187
5155, 0, 0, 21, 21, 3, 10.46%, 0, 0, 2, 0.05, 310, 113187
5502, 0, 0, 22, 22, 3, 10.63%, 0, 0, 2, 0.05, 323, 115080
5745, 0, 0, 23, 23, 3, 10.63%, 0, 0, 2, 0.05, 336, 115080
6011, 0, 0, 24, 24, 3, 10.63%, 0, 0, 2, 0.05, 349, 115087
6344, 0, 0, 25, 25, 3, 10.69%, 0, 0, 2, 0.05, 362, 115691
6570, 0, 0, 26, 26, 3, 10.69%, 0, 0, 2, 0.05, 375, 115691
6821, 0, 0, 27, 27, 3, 10.69%, 0, 0, 2, 0.05, 388, 115691
7046, 0, 0, 28, 28, 3, 10.69%, 0, 0, 2, 0.05, 401, 115691
7069, 0, 0, 28, 28, 3, 10.69%, 0, 0, 2, 0.05, 402, 115691
7093, 0, 0, 28, 28, 3, 10.69%, 0, 0, 2, 0.05, 403, 115691
7322, 0, 0, 29, 29, 3, 10.69%, 0, 0, 2, 0.05, 416, 115691
7340, 0, 0, 29, 29, 3, 10.69%, 0, 0, 2, 0.05, 417, 115691
7602, 0, 0, 30, 30, 3, 10.69%, 0, 0, 2, 0.05, 430, 115691
7941, 0, 0, 31, 31, 3, 10.69%, 0, 0, 2, 0.05, 443, 115691
8283, 0, 0, 32, 32, 3, 11.01%, 0, 0, 2, 0.05, 456, 119181
8302, 0, 0, 32, 32, 3, 11.01%, 0, 0, 2, 0.05, 457, 119181
8322, 0, 0, 32, 32, 3, 11.01%, 0, 0, 2, 0.05, 458, 119181
8557, 0, 0, 33, 33, 3, 11.01%, 0, 0, 2, 0.05, 471, 119181
8792, 0, 0, 34, 34, 3, 11.01%, 0, 0, 2, 0.05, 484, 119183
9028, 0, 0, 35, 35, 3, 11.01%, 0, 0, 2, 0.05, 497, 119185
9047, 0, 0, 35, 35, 3, 11.01%, 0, 0, 2, 0.05, 498, 119185
9344, 0, 0, 36, 36, 3, 11.01%, 0, 0, 2, 0.05, 511, 119185
9756, 0, 0, 37, 37, 3, 11.09%, 0, 0, 2, 0.05, 524, 120065
9999, 0, 0, 38, 38, 3, 11.09%, 0, 0, 2, 0.05, 537, 120066
10016, 0, 0, 38, 38, 3, 11.09%, 0, 0, 2, 0.05, 538, 120066
10038, 0, 0, 38, 38, 3, 11.09%, 0, 0, 2, 0.05, 539, 120066
10056, 0, 0, 38, 38, 3, 11.09%, 0, 0, 2, 0.05, 540, 120066
10072, 0, 0, 38, 38, 3, 11.09%, 0, 0, 2, 0.05, 541, 120066
10312, 0, 0, 39, 39, 3, 11.09%, 0, 0, 2, 0.05, 554, 120069
10329, 0, 0, 39, 39, 3, 11.09%, 0, 0, 2, 0.05, 555, 120069
10346, 0, 0, 39, 39, 3, 11.09%, 0, 0, 2, 0.05, 556, 120069
10707, 0, 0, 40, 40, 3, 11.09%, 0, 0, 2, 0.05, 569, 120069
10725, 0, 0, 40, 40, 3, 11.09%, 0, 0, 2, 0.05, 570, 120069
10943, 0, 0, 41, 41, 3, 11.09%, 0, 0, 2, 0.05, 583, 120070
10959, 0, 0, 41, 41, 3, 11.09%, 0, 0, 2, 0.05, 584, 120070
10976, 0, 0, 41, 41, 3, 11.09%, 0, 0, 2, 0.05, 585, 120070
10992, 0, 0, 41, 41, 3, 11.09%, 0, 0, 2, 0.05, 586, 120070
11008, 0, 0, 41, 41, 3, 11.09%, 0, 0, 2, 0.05, 587, 120070
11026, 0, 0, 41, 41, 3, 11.09%, 0, 0, 2, 0.05, 588, 120070
11324, 0, 0, 42, 42, 3, 11.11%, 0, 0, 2, 0.05, 601, 120244
11341, 0, 0, 42, 42, 3, 11.11%, 0, 0, 2, 0.05, 602, 120244
11358, 0, 0, 42, 42, 3, 11.11%, 0, 0, 2, 0.05, 603, 120244
11611, 0, 0, 43, 43, 3, 11.12%, 0, 0, 2, 0.05, 616, 120367
11629, 0, 0, 43, 43, 3, 11.12%, 0, 0, 2, 0.05, 617, 120367
11646, 0, 0, 43, 43, 3, 11.12%, 0, 0, 2, 0.05, 618, 120367
11663, 0, 0, 43, 43, 3, 11.12%, 0, 0, 2, 0.05, 619, 120367
11892, 0, 0, 44, 44, 3, 11.12%, 0, 0, 2, 0.06, 632, 120367
11908, 0, 0, 44, 44, 3, 11.12%, 0, 0, 2, 0.06, 633, 120367
11926, 0, 0, 44, 44, 3, 11.12%, 0, 0, 2, 0.06, 634, 120367
12175, 0, 0, 45, 45, 3, 11.12%, 0, 0, 2, 0.06, 647, 120367
12192, 0, 0, 45, 45, 3, 11.12%, 0, 0, 2, 0.06, 648, 120367
12209, 0, 0, 45, 45, 3, 11.12%, 0, 0, 2, 0.06, 649, 120367
12226, 0, 0, 45, 45, 3, 11.12%, 0, 0, 2, 0.06, 650, 120367
12244, 0, 0, 45, 45, 3, 11.12%, 0, 0, 2, 0.06, 651, 120367
12261, 0, 0, 45, 45, 3, 11.12%, 0, 0, 2, 0.06, 652, 120367
12636, 0, 0, 46, 46, 3, 11.12%, 0, 0, 2, 0.05, 665, 120373
12936, 0, 0, 47, 47, 3, 11.12%, 0, 0, 2, 0.05, 678, 120373
12956, 0, 0, 47, 47, 3, 11.12%, 0, 0, 2, 0.05, 679, 120373
12974, 0, 0, 47, 47, 3, 11.12%, 0, 0, 2, 0.05, 680, 120373
12991, 0, 0, 47, 47, 3, 11.12%, 0, 0, 2, 0.05, 681, 120373
13008, 0, 0, 47, 47, 3, 11.12%, 0, 0, 2, 0.05, 682, 120373
13025, 0, 0, 47, 47, 3, 11.12%, 0, 0, 2, 0.05, 683, 120373
13042, 0, 0, 47, 47, 3, 11.12%, 0, 0, 2, 0.05, 684, 120373
13059, 0, 0, 47, 47, 3, 11.12%, 0, 0, 2, 0.06, 685, 120373
13076, 0, 0, 47, 47, 3, 11.12%, 0, 0, 2, 0.06, 686, 120373
13093, 0, 0, 47, 47, 3, 11.12%, 0, 0, 2, 0.06, 687, 120373
13330, 0, 0, 48, 48, 3, 11.12%, 0, 0, 2, 0.06, 700, 120373
13555, 0, 0, 49, 49, 3, 11.12%, 0, 0, 2, 0.06, 713, 120373
13573, 0, 0, 49, 49, 3, 11.12%, 0, 0, 2, 0.06, 714, 120373
13589, 0, 0, 49, 49, 3, 11.12%, 0, 0, 2, 0.06, 715, 120373
13605, 0, 0, 49, 49, 3, 11.12%, 0, 0, 2, 0.06, 716, 120373
13916, 0, 0, 50, 50, 3, 11.12%, 0, 0, 2, 0.06, 729, 120373
13934, 0, 0, 50, 50, 3, 11.12%, 0, 0, 2, 0.06, 730, 120373
13951, 0, 0, 50, 50, 3, 11.12%, 0, 0, 2, 0.06, 731, 120373
13968, 0, 0, 50, 50, 3, 11.12%, 0, 0, 2, 0.06, 732, 120373
13986, 0, 0, 50, 50, 3, 11.12%, 0, 0, 2, 0.06, 733, 120373
14281, 0, 0, 51, 51, 3, 11.12%, 0, 0, 2, 0.06, 746, 120373
14299, 0, 0, 51, 51, 3, 11.12%, 0, 0, 2, 0.06, 747, 120373
14317, 0, 0, 51, 51, 3, 11.12%, 0, 0, 2, 0.06, 748, 120373
14334, 0, 0, 51, 51, 3, 11.12%, 0, 0, 2, 0.06, 749, 120373
14351, 0, 0, 51, 51, 3, 11.12%, 0, 0, 2, 0.06, 750, 120373
14367, 0, 0, 51, 51, 3, 11.12%, 0, 0, 2, 0.06, 751, 120373
14384, 0, 0, 51, 51, 3, 11.12%, 0, 0, 2, 0.06, 752, 120373
14401, 0, 0, 51, 51, 3, 11.12%, 0, 0, 2, 0.06, 753, 120373
14419, 0, 0, 51, 51, 3, 11.12%, 0, 0, 2, 0.06, 754, 120373
14437, 0, 0, 51, 51, 3, 11.12%, 0, 0, 2, 0.06, 755, 120373
14667, 0, 0, 52, 52, 3, 11.12%, 0, 0, 2, 0.06, 768, 120373
14685, 0, 0, 52, 52, 3, 11.12%, 0, 0, 2, 0.06, 769, 120373
14901, 0, 0, 53, 53, 3, 11.12%, 0, 0, 2, 0.06, 782, 120380
14921, 0, 0, 53, 53, 3, 11.12%, 0, 0, 2, 0.06, 783, 120380
15152, 0, 0, 54, 54, 3, 11.12%, 0, 0, 2, 0.06, 796, 120380
15171, 0, 0, 54, 54, 3, 11.12%, 0, 0, 2, 0.06, 797, 120380
15190, 0, 0, 54, 54, 3, 11.12%, 0, 0, 2, 0.06, 798, 120380
15216, 0, 0, 54, 54, 3, 11.12%, 0, 0, 2, 0.05, 799, 120380
15235, 0, 0, 54, 54, 3, 11.12%, 0, 0, 2, 0.05, 800, 120380
15255, 0, 0, 54, 54, 3, 11.12%, 0, 0, 2, 0.05, 801, 120380
15274, 0, 0, 54, 54, 3, 11.12%, 0, 0, 2, 0.05, 802, 120380
15293, 0, 0, 54, 54, 3, 11.12%, 0, 0, 2, 0.05, 803, 120380
15634, 0, 0, 55, 55, 3, 11.12%, 0, 0, 2, 0.05, 816, 120380
15958, 0, 0, 56, 56, 3, 11.16%, 0, 0, 2, 0.05, 829, 120801
15978, 0, 0, 56, 56, 3, 11.16%, 0, 0, 2, 0.05, 830, 120801
15997, 0, 0, 56, 56, 3, 11.16%, 0, 0, 2, 0.05, 831, 120801
16017, 0, 0, 56, 56, 3, 11.16%, 0, 0, 2, 0.05, 832, 120801
16035, 0, 0, 56, 56, 3, 11.16%, 0, 0, 2, 0.05, 833, 120801
16055, 0, 0, 56, 56, 3, 11.16%, 0, 0, 2, 0.05, 834, 120801
16340, 0, 0, 57, 57, 3, 11.16%, 0, 0, 2, 0.05, 847, 120811
16358, 0, 0, 57, 57, 3, 11.16%, 0, 0, 2, 0.05, 848, 120811
16609, 0, 0, 58, 58, 3, 11.17%, 0, 0, 2, 0.05, 861, 120923
16628, 0, 0, 58, 58, 3, 11.17%, 0, 0, 2, 0.05, 862, 120923
16646, 0, 0, 58, 58, 3, 11.17%, 0, 0, 2, 0.05, 863, 120923
16665, 0, 0, 58, 58, 3, 11.17%, 0, 0, 2, 0.05, 864, 120923
16685, 0, 0, 58, 58, 3, 11.17%, 0, 0, 2, 0.05, 865, 120923
16707, 0, 0, 58, 58, 3, 11.17%, 0, 0, 2, 0.05, 866, 120923
16727, 0, 0, 58, 58, 3, 11.17%, 0, 0, 2, 0.05, 867, 120923
16746, 0, 0, 58, 58, 3, 11.17%, 0, 0, 2, 0.05, 868, 120923
16765, 0, 0, 58, 58, 3, 11.17%, 0, 0, 2, 0.05, 869, 120923
16784, 0, 0, 58, 58, 3, 11.17%, 0, 0, 2, 0.05, 870, 120923
16803, 0, 0, 58, 58, 3, 11.17%, 0, 0, 2, 0.05, 871, 120923
16822, 0, 0, 58, 58, 3, 11.17%, 0, 0, 2, 0.05, 872, 120923
17100, 0, 0, 59, 59, 3, 11.17%, 0, 0, 2, 0.05, 885, 120923
17120, 0, 0, 59, 59, 3, 11.17%, 0, 0, 2, 0.05, 886, 120923
17140, 0, 0, 59, 59, 3, 11.17%, 0, 0, 2, 0.05, 887, 120923
17159, 0, 0, 59, 59, 3, 11.17%, 0, 0, 2, 0.05, 888, 120923
17178, 0, 0, 59, 59, 3, 11.17%, 0, 0, 2, 0.05, 889, 120923
17197, 0, 0, 59, 59, 3, 11.17%, 0, 0, 2, 0.05, 890, 120923
17216, 0, 0, 59, 59, 3, 11.17%, 0, 0, 2, 0.05, 891, 120923
17235, 0, 0, 59, 59, 3, 11.17%, 0, 0, 2, 0.05, 892, 120923
17255, 0, 0, 59, 59, 3, 11.17%, 0, 0, 2, 0.05, 893, 120923
17274, 0, 0, 59, 59, 3, 11.17%, 0, 0, 2, 0.05, 894, 120923
17293, 0, 0, 59, 59, 3, 11.17%, 0, 0, 2, 0.05, 895, 120923
17313, 0, 0, 59, 59, 3, 11.17%, 0, 0, 2, 0.05, 896, 120923
17332, 0, 0, 59, 59, 3, 11.17%, 0, 0, 2, 0.05, 897, 120923
17592, 0, 0, 60, 60, 3, 11.17%, 0, 0, 2, 0.05, 910, 120923
17611, 0, 0, 60, 60, 3, 11.17%, 0, 0, 2, 0.05, 911, 120923
17631, 0, 0, 60, 60, 3, 11.17%, 0, 0, 2, 0.05, 912, 120923
17650, 0, 0, 60, 60, 3, 11.17%, 0, 0, 2, 0.05, 913, 120923
17669, 0, 0, 60, 60, 3, 11.17%, 0, 0, 2, 0.05, 914, 120923
17687, 0, 0, 60, 60, 3, 11.17%, 0, 0, 2, 0.05, 915, 120923
17706, 0, 0, 60, 60, 3, 11.17%, 0, 0, 2, 0.05, 916, 120923
17970, 0, 0, 61, 61, 3, 11.17%, 0, 0, 2, 0.05, 929, 120923
17989, 0, 0, 61, 61, 3, 11.17%, 0, 0, 2, 0.05, 930, 120923
18010, 0, 0, 61, 61, 3, 11.17%, 0, 0, 2, 0.05, 931, 120923
18360, 0, 0, 62, 62, 3, 11.17%, 0, 0, 2, 0.05, 944, 120923
18380, 0, 0, 62, 62, 3, 11.17%, 0, 0, 2, 0.05, 945, 120923
18644, 0, 0, 63, 63, 3, 11.17%, 0, 0, 2, 0.05, 958, 120923
18907, 0, 0, 64, 64, 3, 11.17%, 0, 0, 2, 0.05, 971, 120923
18926, 0, 0, 64, 64, 3, 11.17%, 0, 0, 2, 0.05, 972, 120923
18945, 0, 0, 64, 64, 3, 11.17%, 0, 0, 2, 0.05, 973, 120923
18964, 0, 0, 64, 64, 3, 11.17%, 0, 0, 2, 0.05, 974, 120923
18984, 0, 0, 64, 64, 3, 11.17%, 0, 0, 2, 0.05, 975, 120923
19003, 0, 0, 64, 64, 3, 11.17%, 0, 0, 2, 0.05, 976, 120923
19029, 0, 0, 64, 64, 3, 11.17%, 0, 0, 2, 0.05, 977, 120923
19048, 0, 0, 64, 64, 3, 11.17%, 0, 0, 2, 0.05, 978, 120923
19324, 0, 0, 65, 65, 3, 11.17%, 0, 0, 2, 0.05, 991, 120923
19573, 0, 0, 66, 66, 3, 11.17%, 0, 0, 2, 0.05, 1004, 120923
19591, 0, 0, 66, 66, 3, 11.17%, 0, 0, 2, 0.05, 1005, 120923
19610, 0, 0, 66, 66, 3, 11.17%, 0, 0, 2, 0.05, 1006, 120923
19629, 0, 0, 66, 66, 3, 11.17%, 0, 0, 2, 0.05, 1007, 120923
19979, 0, 0, 67, 67, 3, 11.17%, 0, 0, 2, 0.05, 1020, 120923
20000, 0, 0, 67, 67, 3, 11.17%, 0, 0, 2, 0.05, 1021, 120923
20020, 0, 0, 67, 67, 3, 11.17%, 0, 0, 2, 0.05, 1022, 120923
20039, 0, 0, 67, 67, 3, 11.17%, 0, 0, 2, 0.05, 1023, 120923
20316, 0, 0, 68, 68, 3, 11.17%, 0, 0, 2, 0.05, 1036, 120923
20547, 0, 0, 69, 69, 3, 11.17%, 0, 0, 2, 0.05, 1049, 120923
20566, 0, 0, 69, 69, 3, 11.17%, 0, 0, 2, 0.05, 1050, 120923
20593, 0, 0, 69, 69, 3, 11.17%, 0, 0, 2, 0.05, 1051, 120923
20613, 0, 0, 69, 69, 3, 11.17%, 0, 0, 2, 0.05, 1052, 120923
20639, 0, 0, 69, 69, 3, 11.17%, 0, 0, 2, 0.05, 1053, 120923
20658, 0, 0, 69, 69, 3, 11.17%, 0, 0, 2, 0.05, 1054, 120923
20678, 0, 0, 69, 69, 3, 11.17%, 0, 0, 2, 0.05, 1055, 120923
20697, 0, 0, 69, 69, 3, 11.17%, 0, 0, 2, 0.05, 1056, 120923
20947, 0, 0, 70, 70, 3, 11.17%, 0, 0, 2, 0.05, 1069, 120923
20966, 0, 0, 70, 70, 3, 11.17%, 0, 0, 2, 0.05, 1070, 120923
20985, 0, 0, 70, 70, 3, 11.17%, 0, 0, 2, 0.05, 1071, 120923
21005, 0, 0, 70, 70, 3, 11.17%, 0, 0, 2, 0.05, 1072, 120923
21024, 0, 0, 70, 70, 3, 11.17%, 0, 0, 2, 0.05, 1073, 120923
21298, 0, 0, 71, 71, 3, 11.17%, 0, 0, 2, 0.05, 1086, 120923
21323, 0, 0, 71, 71, 3, 11.17%, 0, 0, 2, 0.05, 1087, 120923
21343, 0, 0, 71, 71, 3, 11.17%, 0, 0, 2, 0.05, 1088, 120923
21362, 0, 0, 71, 71, 3, 11.17%, 0, 0, 2, 0.05, 1089, 120923
21379, 0, 0, 71, 71, 3, 11.17%, 0, 0, 2, 0.05, 1090, 120923
21398, 0, 0, 71, 71, 3, 11.17%, 0, 0, 2, 0.05, 1091, 120923
21418, 0, 0, 71, 71, 3, 11.17%, 0, 0, 2, 0.05, 1092, 120923
21437, 0, 0, 71, 71, 3, 11.17%, 0, 0, 2, 0.05, 1093, 120923
21456, 0, 0, 71, 71, 3, 11.17%, 0, 0, 2, 0.05, 1094, 120923
21476, 0, 0, 71, 71, 3, 11.17%, 0, 0, 2, 0.05, 1095, 120923
21494, 0, 0, 71, 71, 3, 11.17%, 0, 0, 2, 0.05, 1096, 120923
21514, 0, 0, 71, 71, 3, 11.17%, 0, 0, 2, 0.05, 1097, 120923
21533, 0, 0, 71, 71, 3, 11.17%, 0, 0, 2, 0.05, 1098, 120923
21553, 0, 0, 71, 71, 3, 11.17%, 0, 0, 2, 0.05, 1099, 120923
21802, 0, 0, 72, 72, 3, 11.17%, 0, 0, 2, 0.05, 1112, 120923
21822, 0, 0, 72, 72, 3, 11.17%, 0, 0, 2, 0.05, 1113, 120923
21841, 0, 0, 72, 72, 3, 11.17%, 0, 0, 2, 0.05, 1114, 120923
22100, 0, 0, 73, 73, 3, 11.17%, 0, 0, 2, 0.05, 1127, 120923
22121, 0, 0, 73, 73, 3, 11.17%, 0, 0, 2, 0.05, 1128, 120923
22140, 0, 0, 73, 73, 3, 11.17%, 0, 0, 2, 0.05, 1129, 120923
22160, 0, 0, 73, 73, 3, 11.17%, 0, 0, 2, 0.05, 1130, 120923
22186, 0, 0, 73, 73, 3, 11.17%, 0, 0, 2, 0.05, 1131, 120923
22206, 0, 0, 73, 73, 3, 11.17%, 0, 0, 2, 0.05, 1132, 120923
22225, 0, 0, 73, 73, 3, 11.17%, 0, 0, 2, 0.05, 1133, 120923
22245, 0, 0, 73, 73, 3, 11.17%, 0, 0, 2, 0.05, 1134, 120923
22265, 0, 0, 73, 73, 3, 11.17%, 0, 0, 2, 0.05, 1135, 120923
22284, 0, 0, 73, 73, 3, 11.17%, 0, 0, 2, 0.05, 1136, 120923
22304, 0, 0, 73, 73, 3, 11.17%, 0, 0, 2, 0.05, 1137, 120923
22323, 0, 0, 73, 73, 3, 11.17%, 0, 0, 2, 0.05, 1138, 120923
22577, 0, 0, 74, 74, 3, 11.17%, 0, 0, 2, 0.05, 1151, 120923
22596, 0, 0, 74, 74, 3, 11.17%, 0, 0, 2, 0.05, 1152, 120923
22615, 0, 0, 74, 74, 3, 11.17%, 0, 0, 2, 0.05, 1153, 120923
22635, 0, 0, 74, 74, 3, 11.17%, 0, 0, 2, 0.05, 1154, 120923
22654, 0, 0, 74, 74, 3, 11.17%, 0, 0, 2, 0.05, 1155, 120923
22674, 0, 0, 74, 74, 3, 11.17%, 0, 0, 2, 0.05, 1156, 120923
22692, 0, 0, 74, 74, 3, 11.17%, 0, 0, 2, 0.05, 1157, 120923
22711, 0, 0, 74, 74, 3, 11.17%, 0, 0, 2, 0.05, 1158, 120923
22731, 0, 0, 74, 74, 3, 11.17%, 0, 0, 2, 0.05, 1159, 120923
22751, 0, 0, 74, 74, 3, 11.17%, 0, 0, 2, 0.05, 1160, 120923
23081, 0, 0, 75, 75, 3, 11.17%, 0, 0, 2, 0.05, 1173, 120924
23100, 0, 0, 75, 75, 3, 11.17%, 0, 0, 2, 0.05, 1174, 120924
23120, 0, 0, 75, 75, 3, 11.17%, 0, 0, 2, 0.05, 1175, 120924
23140, 0, 0, 75, 75, 3, 11.17%, 0, 0, 2, 0.05, 1176, 120924
23159, 0, 0, 75, 75, 3, 11.17%, 0, 0, 2, 0.05, 1177, 120924
23178, 0, 0, 75, 75, 3, 11.17%, 0, 0, 2, 0.05, 1178, 120924
23548, 0, 0, 76, 76, 3, 11.23%, 0, 0, 2, 0.05, 1191, 121529
23567, 0, 0, 76, 76, 3, 11.23%, 0, 0, 2, 0.05, 1192, 121529
23587, 0, 0, 76, 76, 3, 11.23%, 0, 0, 2, 0.05, 1193, 121529
23614, 0, 0, 76, 76, 3, 11.23%, 0, 0, 2, 0.05, 1194, 121529
23633, 0, 0, 76, 76, 3, 11.23%, 0, 0, 2, 0.05, 1195, 121529
23653, 0, 0, 76, 76, 3, 11.23%, 0, 0, 2, 0.05, 1196, 121529
23672, 0, 0, 76, 76, 3, 11.23%, 0, 0, 2, 0.05, 1197, 121529
23692, 0, 0, 76, 76, 3, 11.23%, 0, 0, 2, 0.05, 1198, 121529
23711, 0, 0, 76, 76, 3, 11.23%, 0, 0, 2, 0.05, 1199, 121529
23732, 0, 0, 76, 76, 3, 11.23%, 0, 0, 2, 0.05, 1200, 121529
23755, 0, 0, 76, 76, 3, 11.23%, 0, 0, 2, 0.05, 1201, 121529
23775, 0, 0, 76, 76, 3, 11.23%, 0, 0, 2, 0.05, 1202, 121529
23795, 0, 0, 76, 76, 3, 11.23%, 0, 0, 2, 0.05, 1203, 121529
24076, 0, 0, 77, 77, 3, 11.23%, 0, 0, 2, 0.05, 1216, 121529
24095, 0, 0, 77, 77, 3, 11.23%, 0, 0, 2, 0.05, 1217, 121529
24114, 0, 0, 77, 77, 3, 11.23%, 0, 0, 2, 0.05, 1218, 121529
24390, 0, 0, 78, 78, 3, 11.23%, 0, 0, 2, 0.05, 1231, 121529
24408, 0, 0, 78, 78, 3, 11.23%, 0, 0, 2, 0.05, 1232, 121529
24435, 0, 0, 78, 78, 3, 11.23%, 0, 0, 2, 0.05, 1233, 121529
24454, 0, 0, 78, 78, 3, 11.23%, 0, 0, 2, 0.05, 1234, 121529
24473, 0, 0, 78, 78, 3, 11.23%, 0, 0, 2, 0.05, 1235, 121529
24492, 0, 0, 78, 78, 3, 11.23%, 0, 0, 2, 0.05, 1236, 121529
24511, 0, 0, 78, 78, 3, 11.23%, 0, 0, 2, 0.05, 1237, 121529
24531, 0, 0, 78, 78, 3, 11.23%, 0, 0, 2, 0.05, 1238, 121529
24550, 0, 0, 78, 78, 3, 11.23%, 0, 0, 2, 0.05, 1239, 121529
24567, 0, 0, 78, 78, 3, 11.23%, 0, 0, 2, 0.05, 1240, 121529
24588, 0, 0, 78, 78, 3, 11.23%, 0, 0, 2, 0.05, 1241, 121529
24608, 0, 0, 78, 78, 3, 11.23%, 0, 0, 2, 0.05, 1242, 121529
24865, 0, 0, 79, 79, 3, 11.23%, 0, 0, 2, 0.05, 1255, 121534
24884, 0, 0, 79, 79, 3, 11.23%, 0, 0, 2, 0.05, 1256, 121534
24903, 0, 0, 79, 79, 3, 11.23%, 0, 0, 2, 0.05, 1257, 121534
25160, 0, 0, 80, 80, 3, 11.23%, 0, 0, 2, 0.05, 1270, 121534
25179, 0, 0, 80, 80, 3, 11.23%, 0, 0, 2, 0.05, 1271, 121534
25198, 0, 0, 80, 80, 3, 11.23%, 0, 0, 2, 0.05, 1272, 121534
25217, 0, 0, 80, 80, 3, 11.23%, 0, 0, 2, 0.05, 1273, 121534
25242, 0, 0, 80, 80, 3, 11.23%, 0, 0, 2, 0.05, 1274, 121534
25262, 0, 0, 80, 80, 3, 11.23%, 0, 0, 2, 0.05, 1275, 121534
25282, 0, 0, 80, 80, 3, 11.23%, 0, 0, 2, 0.05, 1276, 121534
25539, 0, 0, 81, 81, 3, 11.26%, 0, 0, 2, 0.05, 1289, 121921
25797, 0, 0, 82, 82, 3, 11.26%, 0, 0, 2, 0.05, 1302, 121930
26059, 0, 0, 83, 83, 3, 11.27%, 0, 0, 2, 0.05, 1315, 121965
26079, 0, 0, 83, 83, 3, 11.27%, 0, 0, 2, 0.05, 1316, 121965
26097, 0, 0, 83, 83, 3, 11.27%, 0, 0, 2, 0.05, 1317, 121965
26349, 0, 0, 84, 84, 3, 11.27%, 0, 0, 2, 0.05, 1330, 121977
26699, 0, 0, 85, 85, 3, 11.31%, 0, 0, 2, 0.05, 1343, 122452
27048, 0, 0, 86, 86, 3, 11.31%, 0, 0, 2, 0.05, 1356, 122468
27068, 0, 0, 86, 86, 3, 11.31%, 0, 0, 2, 0.05, 1357, 122468
27354, 0, 0, 87, 87, 3, 11.35%, 0, 0, 2, 0.05, 1370, 122913
27374, 0, 0, 87, 87, 3, 11.35%, 0, 0, 2, 0.05, 1371, 122913
27634, 0, 0, 88, 88, 3, 11.35%, 0, 0, 2, 0.05, 1384, 122914
27655, 0, 0, 88, 88, 3, 11.35%, 0, 0, 2, 0.05, 1385, 122914
27951, 0, 0, 89, 89, 3, 11.35%, 0, 0, 2, 0.05, 1398, 122914
28229, 0, 0, 90, 90, 3, 11.36%, 0, 0, 2, 0.05, 1411, 122920
28248, 0, 0, 90, 90, 3, 11.36%, 0, 0, 2, 0.05, 1412, 122920
28269, 0, 0, 90, 90, 3, 11.36%, 0, 0, 2, 0.05, 1413, 122920
28521, 0, 0, 91, 91, 3, 11.36%, 0, 0, 2, 0.05, 1426, 122921
28811, 0, 0, 92, 92, 3, 11.47%, 0, 0, 2, 0.05, 1439, 124166
28831, 0, 0, 92, 92, 3, 11.47%, 0, 0, 2, 0.05, 1440, 124166
28851, 0, 0, 92, 92, 3, 11.47%, 0, 0, 2, 0.05, 1441, 124166
29107, 0, 0, 93, 93, 3, 11.47%, 0, 0, 2, 0.05, 1454, 124166
29128, 0, 0, 93, 93, 3, 11.47%, 0, 0, 2, 0.05, 1455, 124166
29474, 0, 0, 94, 94, 3, 11.47%, 0, 0, 2, 0.05, 1468, 124167
29494, 0, 0, 94, 94, 3, 11.47%, 0, 0, 2, 0.05, 1469, 124167
29853, 0, 0, 95, 95, 3, 11.47%, 0, 0, 2, 0.05, 1482, 124205
29873, 0, 0, 95, 95, 3, 11.47%, 0, 0, 2, 0.05, 1483, 124205
30255, 0, 0, 96, 96, 3, 11.47%, 0, 0, 2, 0.05, 1496, 124207
30275, 0, 0, 96, 96, 3, 11.47%, 0, 0, 2, 0.05, 1497, 124207
30632, 0, 0, 97, 97, 3, 11.47%, 0, 0, 2, 0.05, 1510, 124217
30652, 0, 0, 97, 97, 3, 11.47%, 0, 0, 2, 0.05, 1511, 124217
30672, 0, 0, 97, 97, 3, 11.47%, 0, 0, 2, 0.05, 1512, 124217
30693, 0, 0, 97, 97, 3, 11.47%, 0, 0, 2, 0.05, 1513, 124217
30712, 0, 0, 97, 97, 3, 11.47%, 0, 0, 2, 0.05, 1514, 124217
30732, 0, 0, 97, 97, 3, 11.47%, 0, 0, 2, 0.05, 1515, 124217
30990, 0, 0, 98, 98, 3, 11.47%, 0, 0, 2, 0.05, 1528, 124217
31010, 0, 0, 98, 98, 3, 11.47%, 0, 0, 2, 0.05, 1529, 124217
31029, 0, 0, 98, 98, 3, 11.47%, 0, 0, 2, 0.05, 1530, 124217
31321, 0, 0, 99, 99, 3, 11.50%, 0, 0, 2, 0.05, 1543, 124526
31675, 0, 0, 100, 100, 3, 11.51%, 0, 0, 2, 0.05, 1556, 124606
31695, 0, 0, 100, 100, 3, 11.51%, 0, 0, 2, 0.05, 1557, 124606
31716, 0, 0, 100, 100, 3, 11.51%, 0, 0, 2, 0.05, 1558, 124606
31735, 0, 0, 100, 100, 3, 11.51%, 0, 0, 2, 0.05, 1559, 124606
32030, 0, 0, 101, 101, 3, 11.51%, 0, 0, 2, 0.05, 1572, 124642
32050, 0, 0, 101, 101, 3, 11.51%, 0, 0, 2, 0.05, 1573, 124642
32413, 0, 0, 102, 102, 3, 11.51%, 0, 0, 2, 0.05, 1586, 124644
32433, 0, 0, 102, 102, 3, 11.51%, 0, 0, 2, 0.05, 1587, 124644
32454, 0, 0, 102, 102, 3, 11.51%, 0, 0, 2, 0.05, 1588, 124644
32474, 0, 0, 102, 102, 3, 11.51%, 0, 0, 2, 0.05, 1589, 124644
32494, 0, 0, 102, 102, 3, 11.51%, 0, 0, 2, 0.05, 1590, 124644
32766, 0, 0, 103, 103, 3, 11.52%, 0, 0, 2, 0.05, 1603, 124659
33043, 0, 0, 104, 104, 3, 11.52%, 0, 0, 2, 0.05, 1616, 124721
33317, 0, 0, 105, 105, 3, 11.53%, 0, 0, 2, 0.05, 1629, 124795
33600, 0, 0, 106, 106, 3, 11.53%, 0, 0, 2, 0.05, 1642, 124795
33621, 0, 0, 106, 106, 3, 11.53%, 0, 0, 2, 0.05, 1643, 124795
33883, 0, 0, 107, 107, 3, 11.53%, 0, 0, 2, 0.05, 1656, 124795
33904, 0, 0, 107, 107, 3, 11.53%, 0, 0, 2, 0.05, 1657, 124795
33928, 0, 0, 107, 107, 3, 11.53%, 0, 0, 2, 0.05, 1658, 124795
33949, 0, 0, 107, 107, 3, 11.53%, 0, 0, 2, 0.05, 1659, 124795
33971, 0, 0, 107, 107, 3, 11.53%, 0, 0, 2, 0.05, 1660, 124795
34266, 0, 0, 108, 108, 3, 11.53%, 0, 0, 2, 0.05, 1673, 124797
34289, 0, 0, 108, 108, 3, 11.53%, 0, 0, 2, 0.05, 1674, 124797
34310, 0, 0, 108, 108, 3, 11.53%, 0, 0, 2, 0.05, 1675, 124797
34617, 0, 0, 109, 109, 3, 11.53%, 0, 0, 2, 0.05, 1688, 124807
34905, 0, 0, 110, 110, 3, 11.53%, 0, 0, 2, 0.05, 1701, 124808
34926, 0, 0, 110, 110, 3, 11.53%, 0, 0, 2, 0.05, 1702, 124808
35195, 0, 0, 111, 111, 3, 11.53%, 0, 0, 2, 0.05, 1715, 124841
35218, 0, 0, 111, 111, 3, 11.53%, 0, 0, 2, 0.05, 1716, 124841
35238, 0, 0, 111, 111, 3, 11.53%, 0, 0, 2, 0.05, 1717, 124841
35259, 0, 0, 111, 111, 3, 11.53%, 0, 0, 2, 0.05, 1718, 124841
35280, 0, 0, 111, 111, 3, 11.53%, 0, 0, 2, 0.05, 1719, 124841
35300, 0, 0, 111, 111, 3, 11.53%, 0, 0, 2, 0.05, 1720, 124841
35322, 0, 0, 111, 111, 3, 11.53%, 0, 0, 2, 0.05, 1721, 124841
35592, 0, 0, 112, 112, 3, 11.53%, 0, 0, 2, 0.05, 1734, 124857
35613, 0, 0, 112, 112, 3, 11.53%, 0, 0, 2, 0.05, 1735, 124857
35634, 0, 0, 112, 112, 3, 11.53%, 0, 0, 2, 0.05, 1736, 124857
35656, 0, 0, 112, 112, 3, 11.53%, 0, 0, 2, 0.05, 1737, 124857
35676, 0, 0, 112, 112, 3, 11.53%, 0, 0, 2, 0.05, 1738, 124857
35697, 0, 0, 112, 112, 3, 11.53%, 0, 0, 2, 0.05, 1739, 124857
35717, 0, 0, 112, 112, 3, 11.53%, 0, 0, 2, 0.05, 1740, 124857
35985, 0, 0, 113, 113, 3, 11.55%, 0, 0, 2, 0.05, 1753, 125064
36006, 0, 0, 113, 113, 3, 11.55%, 0, 0, 2, 0.05, 1754, 125064
36026, 0, 0, 113, 113, 3, 11.55%, 0, 0, 2, 0.05, 1755, 125064
36046, 0, 0, 113, 113, 3, 11.55%, 0, 0, 2, 0.05, 1756, 125064
36349, 0, 0, 114, 114, 3, 11.55%, 0, 0, 2, 0.05, 1769, 125068
36370, 0, 0, 114, 114, 3, 11.55%, 0, 0, 2, 0.05, 1770, 125068
36391, 0, 0, 114, 114, 3, 11.55%, 0, 0, 2, 0.05, 1771, 125068
36411, 0, 0, 114, 114, 3, 11.55%, 0, 0, 2, 0.05, 1772, 125068
36682, 0, 0, 115, 115, 3, 11.55%, 0, 0, 2, 0.05, 1785, 125068
36702, 0, 0, 115, 115, 3, 11.55%, 0, 0, 2, 0.05, 1786, 125068
36723, 0, 0, 115, 115, 3, 11.55%, 0, 0, 2, 0.05, 1787, 125068
36991, 0, 0, 116, 116, 3, 11.55%, 0, 0, 2, 0.05, 1800, 125068
37012, 0, 0, 116, 116, 3, 11.55%, 0, 0, 2, 0.05, 1801, 125068
37033, 0, 0, 116, 116, 3, 11.55%, 0, 0, 2, 0.05, 1802, 125068
37399, 0, 0, 117, 117, 3, 11.55%, 0, 0, 2, 0.05, 1815, 125068
37421, 0, 0, 117, 117, 3, 11.55%, 0, 0, 2, 0.05, 1816, 125068
37443, 0, 0, 117, 117, 3, 11.55%, 0, 0, 2, 0.05, 1817, 125068
37464, 0, 0, 117, 117, 3, 11.55%, 0, 0, 2, 0.05, 1818, 125068
37484, 0, 0, 117, 117, 3, 11.55%, 0, 0, 2, 0.05, 1819, 125068
37505, 0, 0, 117, 117, 3, 11.55%, 0, 0, 2, 0.05, 1820, 125068
37525, 0, 0, 117, 117, 3, 11.55%, 0, 0, 2, 0.05, 1821, 125068
37546, 0, 0, 117, 117, 3, 11.55%, 0, 0, 2, 0.05, 1822, 125068
37567, 0, 0, 117, 117, 3, 11.55%, 0, 0, 2, 0.05, 1823, 125068
37588, 0, 0, 117, 117, 3, 11.55%, 0, 0, 2, 0.05, 1824, 125068
37610, 0, 0, 117, 117, 3, 11.55%, 0, 0, 2, 0.05, 1825, 125068
37632, 0, 0, 117, 117, 3, 11.55%, 0, 0, 2, 0.05, 1826, 125068
37652, 0, 0, 117, 117, 3, 11.55%, 0, 0, 2, 0.05, 1827, 125068
37673, 0, 0, 117, 117, 3, 11.55%, 0, 0, 2, 0.05, 1828, 125068
37694, 0, 0, 117, 117, 3, 11.55%, 0, 0, 2, 0.05, 1829, 125068
37715, 0, 0, 117, 117, 3, 11.55%, 0, 0, 2, 0.05, 1830, 125068
37981, 0, 0, 118, 118, 3, 11.55%, 0, 0, 2, 0.05, 1843, 125072
38246, 0, 0, 119, 119, 3, 11.55%, 0, 0, 2, 0.05, 1856, 125076
38266, 0, 0, 119, 119, 3, 11.55%, 0, 0, 2, 0.05, 1857, 125076
38286, 0, 0, 119, 119, 3, 11.55%, 0, 0, 2, 0.05, 1858, 125076
38307, 0, 0, 119, 119, 3, 11.55%, 0, 0, 2, 0.05, 1859, 125076
38327, 0, 0, 119, 119, 3, 11.55%, 0, 0, 2, 0.05, 1860, 125076
38348, 0, 0, 119, 119, 3, 11.55%, 0, 0, 2, 0.05, 1861, 125076
38713, 0, 0, 120, 120, 3, 11.55%, 0, 0, 2, 0.05, 1874, 125078
38733, 0, 0, 120, 120, 3, 11.55%, 0, 0, 2, 0.05, 1875, 125078
38753, 0, 0, 120, 120, 3, 11.55%, 0, 0, 2, 0.05, 1876, 125078
39071, 0, 0, 121, 121, 3, 11.55%, 0, 0, 2, 0.05, 1889, 125078
39091, 0, 0, 121, 121, 3, 11.55%, 0, 0, 2, 0.05, 1890, 125078
39112, 0, 0, 121, 121, 3, 11.55%, 0, 0, 2, 0.05, 1891, 125078
39132, 0, 0, 121, 121, 3, 11.55%, 0, 0, 2, 0.05, 1892, 125078
39489, 0, 0, 122, 122, 3, 11.55%, 0, 0, 2, 0.05, 1905, 125078
39756, 0, 0, 123, 123, 3, 11.55%, 0, 0, 2, 0.05, 1918, 125078
39776, 0, 0, 123, 123, 3, 11.55%, 0, 0, 2, 0.05, 1919, 125078
40043, 0, 0, 124, 124, 3, 11.55%, 0, 0, 2, 0.05, 1932, 125078
40062, 0, 0, 124, 124, 3, 11.55%, 0, 0, 2, 0.05, 1933, 125078
40083, 0, 0, 124, 124, 3, 11.55%, 0, 0, 2, 0.05, 1934, 125078
40440, 0, 0, 125, 125, 3, 11.56%, 0, 0, 2, 0.05, 1947, 125089
40461, 0, 0, 125, 125, 3, 11.56%, 0, 0, 2, 0.05, 1948, 125089
40482, 0, 0, 125, 125, 3, 11.56%, 0, 0, 2, 0.05, 1949, 125089
40503, 0, 0, 125, 125, 3, 11.56%, 0, 0, 2, 0.05, 1950, 125089
40523, 0, 0, 125, 125, 3, 11.56%, 0, 0, 2, 0.05, 1951, 125089
40543, 0, 0, 125, 125, 3, 11.56%, 0, 0, 2, 0.05, 1952, 125089
40564, 0, 0, 125, 125, 3, 11.56%, 0, 0, 2, 0.05, 1953, 125089
40585, 0, 0, 125, 125, 3, 11.56%, 0, 0, 2, 0.05, 1954, 125089
40605, 0, 0, 125, 125, 3, 11.56%, 0, 0, 2, 0.05, 1955, 125089
40627, 0, 0, 125, 125, 3, 11.56%, 0, 0, 2, 0.05, 1956, 125089
40648, 0, 0, 125, 125, 3, 11.56%, 0, 0, 2, 0.05, 1957, 125089
40671, 0, 0, 125, 125, 3, 11.56%, 0, 0, 2, 0.05, 1958, 125089
40691, 0, 0, 125, 125, 3, 11.56%, 0, 0, 2, 0.05, 1959, 125089
40712, 0, 0, 125, 125, 3, 11.56%, 0, 0, 2, 0.05, 1960, 125089
40732, 0, 0, 125, 125, 3, 11.56%, 0, 0, 2, 0.05, 1961, 125089
40753, 0, 0, 125, 125, 3, 11.56%, 0, 0, 2, 0.05, 1962, 125089
40773, 0, 0, 125, 125, 3, 11.56%, 0, 0, 2, 0.05, 1963, 125089
41069, 0, 0, 126, 126, 3, 11.56%, 0, 0, 2, 0.05, 1976, 125089
41341, 0, 0, 127, 127, 3, 11.56%, 0, 0, 2, 0.05, 1989, 125124
41627, 0, 0, 128, 128, 3, 11.56%, 0, 0, 2, 0.05, 2002, 125124
41647, 0, 0, 128, 128, 3, 11.56%, 0, 0, 2, 0.05, 2003, 125124
41667, 0, 0, 128, 128, 3, 11.56%, 0, 0, 2, 0.05, 2004, 125124
41687, 0, 0, 128, 128, 3, 11.56%, 0, 0, 2, 0.05, 2005, 125124
41708, 0, 0, 128, 128, 3, 11.56%, 0, 0, 2, 0.05, 2006, 125124
41729, 0, 0, 128, 128, 3, 11.56%, 0, 0, 2, 0.05, 2007, 125124
41749, 0, 0, 128, 128, 3, 11.56%, 0, 0, 2, 0.05, 2008, 125124
42017, 0, 0, 129, 129, 3, 11.57%, 0, 0, 2, 0.05, 2021, 125288
42037, 0, 0, 129, 129, 3, 11.57%, 0, 0, 2, 0.05, 2022, 125288
42058, 0, 0, 129, 129, 3, 11.57%, 0, 0, 2, 0.05, 2023, 125288
42079, 0, 0, 129, 129, 3, 11.57%, 0, 0, 2, 0.05, 2024, 125288
42099, 0, 0, 129, 129, 3, 11.57%, 0, 0, 2, 0.05, 2025, 125288
42119, 0, 0, 129, 129, 3, 11.57%, 0, 0, 2, 0.05, 2026, 125288
42137, 0, 0, 129, 129, 3, 11.57%, 0, 0, 2, 0.05, 2027, 125288
42157, 0, 0, 129, 129, 3, 11.57%, 0, 0, 2, 0.05, 2028, 125288
42177, 0, 0, 129, 129, 3, 11.57%, 0, 0, 2, 0.05, 2029, 125288
42198, 0, 0, 129, 129, 3, 11.57%, 0, 0, 2, 0.05, 2030, 125288
42219, 0, 0, 129, 129, 3, 11.57%, 0, 0, 2, 0.05, 2031, 125288
42241, 0, 0, 129, 129, 3, 11.57%, 0, 0, 2, 0.05, 2032, 125288
42261, 0, 0, 129, 129, 3, 11.57%, 0, 0, 2, 0.05, 2033, 125288
42281, 0, 0, 129, 129, 3, 11.57%, 0, 0, 2, 0.05, 2034, 125288
42302, 0, 0, 129, 129, 3, 11.57%, 0, 0, 2, 0.05, 2035, 125288
42322, 0, 0, 129, 129, 3, 11.57%, 0, 0, 2, 0.05, 2036, 125288
42345, 0, 0, 129, 129, 3, 11.57%, 0, 0, 2, 0.05, 2037, 125288
42372, 0, 0, 129, 129, 3, 11.57%, 0, 0, 2, 0.05, 2038, 125288
42638, 0, 0, 130, 130, 3, 11.57%, 0, 0, 2, 0.05, 2051, 125290
42658, 0, 0, 130, 130, 3, 11.57%, 0, 0, 2, 0.05, 2052, 125290
42679, 0, 0, 130, 130, 3, 11.57%, 0, 0, 2, 0.05, 2053, 125290
42699, 0, 0, 130, 130, 3, 11.57%, 0, 0, 2, 0.05, 2054, 125290
42720, 0, 0, 130, 130, 3, 11.57%, 0, 0, 2, 0.05, 2055, 125290
42741, 0, 0, 130, 130, 3, 11.57%, 0, 0, 2, 0.05, 2056, 125290
42761, 0, 0, 130, 130, 3, 11.57%, 0, 0, 2, 0.05, 2057, 125290
42782, 0, 0, 130, 130, 3, 11.57%, 0, 0, 2, 0.05, 2058, 125290
42800, 0, 0, 130, 130, 3, 11.57%, 0, 0, 2, 0.05, 2059, 125290
42822, 0, 0, 130, 130, 3, 11.57%, 0, 0, 2, 0.05, 2060, 125290
43171, 0, 0, 131, 131, 3, 11.57%, 0, 0, 2, 0.05, 2073, 125290
43191, 0, 0, 131, 131, 3, 11.57%, 0, 0, 2, 0.05, 2074, 125290
43212, 0, 0, 131, 131, 3, 11.57%, 0, 0, 2, 0.05, 2075, 125290
43232, 0, 0, 131, 131, 3, 11.57%, 0, 0, 2, 0.05, 2076, 125290
43253, 0, 0, 131, 131, 3, 11.57%, 0, 0, 2, 0.05, 2077, 125290
43274, 0, 0, 131, 131, 3, 11.57%, 0, 0, 2, 0.05, 2078, 125290
43293, 0, 0, 131, 131, 3, 11.57%, 0, 0, 2, 0.05, 2079, 125290
43313, 0, 0, 131, 131, 3, 11.57%, 0, 0, 2, 0.05, 2080, 125290
43338, 0, 0, 131, 131, 3, 11.57%, 0, 0, 2, 0.05, 2081, 125290
43359, 0, 0, 131, 131, 3, 11.57%, 0, 0, 2, 0.05, 2082, 125290
43379, 0, 0, 131, 131, 3, 11.57%, 0, 0, 2, 0.05, 2083, 125290
43399, 0, 0, 131, 131, 3, 11.57%, 0, 0, 2, 0.05, 2084, 125290
43421, 0, 0, 131, 131, 3, 11.57%, 0, 0, 2, 0.05, 2085, 125290
43441, 0, 0, 131, 131, 3, 11.57%, 0, 0, 2, 0.05, 2086, 125290
43462, 0, 0, 131, 131, 3, 11.57%, 0, 0, 2, 0.05, 2087, 125290
43481, 0, 0, 131, 131, 3, 11.57%, 0, 0, 2, 0.05, 2088, 125290
43507, 0, 0, 131, 131, 3, 11.57%, 0, 0, 2, 0.05, 2089, 125290
43527, 0, 0, 131, 131, 3, 11.57%, 0, 0, 2, 0.05, 2090, 125290
43795, 0, 0, 132, 132, 3, 11.57%, 0, 0, 2, 0.05, 2103, 125296
43815, 0, 0, 132, 132, 3, 11.57%, 0, 0, 2, 0.05, 2104, 125296
43835, 0, 0, 132, 132, 3, 11.57%, 0, 0, 2, 0.05, 2105, 125296
44120, 0, 0, 133, 133, 3, 11.57%, 0, 0, 2, 0.05, 2118, 125296
44141, 0, 0, 133, 133, 3, 11.57%, 0, 0, 2, 0.05, 2119, 125296
44163, 0, 0, 133, 133, 3, 11.57%, 0, 0, 2, 0.05, 2120, 125296
44183, 0, 0, 133, 133, 3, 11.57%, 0, 0, 2, 0.05, 2121, 125296
44203, 0, 0, 133, 133, 3, 11.57%, 0, 0, 2, 0.05, 2122, 125296
44223, 0, 0, 133, 133, 3, 11.57%, 0, 0, 2, 0.05, 2123, 125296
44243, 0, 0, 133, 133, 3, 11.57%, 0, 0, 2, 0.05, 2124, 125296
44265, 0, 0, 133, 133, 3, 11.57%, 0, 0, 2, 0.05, 2125, 125296
44284, 0, 0, 133, 133, 3, 11.57%, 0, 0, 2, 0.05, 2126, 125296
44305, 0, 0, 133, 133, 3, 11.57%, 0, 0, 2, 0.05, 2127, 125296
44326, 0, 0, 133, 133, 3, 11.57%, 0, 0, 2, 0.05, 2128, 125296
44354, 0, 0, 133, 133, 3, 11.57%, 0, 0, 2, 0.05, 2129, 125296
44374, 0, 0, 133, 133, 3, 11.57%, 0, 0, 2, 0.05, 2130, 125296
44394, 0, 0, 133, 133, 3, 11.57%, 0, 0, 2, 0.05, 2131, 125296
44417, 0, 0, 133, 133, 3, 11.57%, 0, 0, 2, 0.05, 2132, 125296
44438, 0, 0, 133, 133, 3, 11.57%, 0, 0, 2, 0.05, 2133, 125296
44458, 0, 0, 133, 133, 3, 11.57%, 0, 0, 2, 0.05, 2134, 125296
44478, 0, 0, 133, 133, 3, 11.57%, 0, 0, 2, 0.05, 2135, 125296
44499, 0, 0, 133, 133, 3, 11.57%, 0, 0, 2, 0.05, 2136, 125296
44519, 0, 0, 133, 133, 3, 11.57%, 0, 0, 2, 0.05, 2137, 125296
44539, 0, 0, 133, 133, 3, 11.57%, 0, 0, 2, 0.05, 2138, 125296
44560, 0, 0, 133, 133, 3, 11.57%, 0, 0, 2, 0.05, 2139, 125296
44580, 0, 0, 133, 133, 3, 11.57%, 0, 0, 2, 0.05, 2140, 125296
44600, 0, 0, 133, 133, 3, 11.57%, 0, 0, 2, 0.05, 2141, 125296
44621, 0, 0, 133, 133, 3, 11.57%, 0, 0, 2, 0.05, 2142, 125296
44641, 0, 0, 133, 133, 3, 11.57%, 0, 0, 2, 0.05, 2143, 125296
44661, 0, 0, 133, 133, 3, 11.57%, 0, 0, 2, 0.05, 2144, 125296
44681, 0, 0, 133, 133, 3, 11.57%, 0, 0, 2, 0.05, 2145, 125296
44701, 0, 0, 133, 133, 3, 11.57%, 0, 0, 2, 0.05, 2146, 125296
44721, 0, 0, 133, 133, 3, 11.57%, 0, 0, 2, 0.05, 2147, 125296
44988, 0, 0, 134, 134, 3, 11.57%, 0, 0, 2, 0.05, 2160, 125297
45009, 0, 0, 134, 134, 3, 11.57%, 0, 0, 2, 0.05, 2161, 125297
45029, 0, 0, 134, 134, 3, 11.57%, 0, 0, 2, 0.05, 2162, 125297
45050, 0, 0, 134, 134, 3, 11.57%, 0, 0, 2, 0.05, 2163, 125297
45072, 0, 0, 134, 134, 3, 11.57%, 0, 0, 2, 0.05, 2164, 125297
45093, 0, 0, 134, 134, 3, 11.57%, 0, 0, 2, 0.05, 2165, 125297
45112, 0, 0, 134, 134, 3, 11.57%, 0, 0, 2, 0.05, 2166, 125297
45133, 0, 0, 134, 134, 3, 11.57%, 0, 0, 2, 0.05, 2167, 125297
45154, 0, 0, 134, 134, 3, 11.57%, 0, 0, 2, 0.05, 2168, 125297
45173, 0, 0, 134, 134, 3, 11.57%, 0, 0, 2, 0.05, 2169, 125297
45194, 0, 0, 134, 134, 3, 11.57%, 0, 0, 2, 0.05, 2170, 125297
45215, 0, 0, 134, 134, 3, 11.57%, 0, 0, 2, 0.05, 2171, 125297
45236, 0, 0, 134, 134, 3, 11.57%, 0, 0, 2, 0.05, 2172, 125297
45256, 0, 0, 134, 134, 3, 11.57%, 0, 0, 2, 0.05, 2173, 125297
45277, 0, 0, 134, 134, 3, 11.57%, 0, 0, 2, 0.05, 2174, 125297
45297, 0, 0, 134, 134, 3, 11.57%, 0, 0, 2, 0.05, 2175, 125297
45317, 0, 0, 134, 134, 3, 11.57%, 0, 0, 2, 0.05, 2176, 125297
45338, 0, 0, 134, 134, 3, 11.57%, 0, 0, 2, 0.05, 2177, 125297
45362, 0, 0, 134, 134, 3, 11.57%, 0, 0, 2, 0.05, 2178, 125297
45383, 0, 0, 134, 134, 3, 11.57%, 0, 0, 2, 0.05, 2179, 125297
45403, 0, 0, 134, 134, 3, 11.57%, 0, 0, 2, 0.05, 2180, 125297
45423, 0, 0, 134, 134, 3, 11.57%, 0, 0, 2, 0.05, 2181, 125297
45446, 0, 0, 134, 134, 3, 11.57%, 0, 0, 2, 0.05, 2182, 125297
45467, 0, 0, 134, 134, 3, 11.57%, 0, 0, 2, 0.05, 2183, 125297
45740, 0, 0, 135, 135, 3, 11.57%, 0, 0, 2, 0.05, 2196, 125297
45759, 0, 0, 135, 135, 3, 11.57%, 0, 0, 2, 0.05, 2197, 125297
45780, 0, 0, 135, 135, 3, 11.57%, 0, 0, 2, 0.05, 2198, 125297
45801, 0, 0, 135, 135, 3, 11.57%, 0, 0, 2, 0.05, 2199, 125297
45828, 0, 0, 135, 135, 3, 11.57%, 0, 0, 2, 0.05, 2200, 125297
46101, 0, 0, 136, 136, 3, 11.57%, 0, 0, 2, 0.05, 2213, 125297
46385, 0, 0, 137, 137, 3, 11.57%, 0, 0, 2, 0.05, 2226, 125299
46739, 0, 0, 138, 138, 3, 11.58%, 0, 0, 2, 0.05, 2238, 125310
46839, 0, 0, 138, 138, 3, 11.58%, 0, 1, 2, 0.04, 2239, 125310
46939, 0, 0, 138, 138, 3, 11.58%, 0, 2, 2, 0.04, 2240, 125310
47040, 0, 0, 138, 138, 3, 11.58%, 0, 3, 2, 0.04, 2241, 125310
47140, 0, 0, 138, 138, 3, 11.58%, 0, 4, 2, 0.04, 2242, 125310
47240, 0, 0, 138, 138, 3, 11.58%, 0, 5, 2, 0.04, 2243, 125310
47340, 0, 0, 138, 138, 3, 11.58%, 0, 5, 2, 0.03, 2244, 125310
47440, 0, 0, 138, 138, 3, 11.58%, 0, 5, 2, 0.03, 2245, 125310
47541, 0, 0, 138, 138, 3, 11.58%, 0, 6, 2, 0.03, 2246, 125310
