# relative_time, cycles_done, cur_item, corpus_count, pending_total, pending_favs, map_size, saved_crashes, saved_hangs, max_depth, execs_per_sec, total_execs, edges_found
110, 0, 0, 1, 1, 1, 11.28%, 0, 0, 1, 0.02, 14, 122161
155, 0, 0, 1, 1, 1, 11.28%, 0, 0, 1, 0.02, 15, 122161
192, 0, 0, 1, 1, 1, 11.28%, 0, 0, 1, 0.02, 16, 122161
231, 0, 0, 1, 1, 1, 11.28%, 0, 0, 1, 0.02, 17, 122161
326, 0, 0, 1, 1, 1, 11.28%, 0, 0, 1, 0.02, 18, 122161
369, 0, 0, 1, 1, 1, 11.28%, 0, 0, 1, 0.02, 19, 122161
407, 0, 0, 1, 1, 1, 11.28%, 0, 0, 1, 0.02, 20, 122161
495, 0, 0, 1, 1, 1, 11.28%, 0, 0, 1, 0.02, 21, 122161
528, 0, 0, 1, 1, 1, 11.28%, 0, 0, 1, 0.02, 22, 122161
570, 0, 0, 1, 1, 1, 11.28%, 0, 0, 1, 0.02, 23, 122161
612, 0, 0, 1, 1, 1, 11.28%, 0, 0, 1, 0.02, 24, 122161
652, 0, 0, 1, 1, 1, 11.28%, 0, 0, 1, 0.02, 25, 122161
690, 0, 0, 1, 1, 1, 11.28%, 0, 0, 1, 0.02, 26, 122161
728, 0, 0, 1, 1, 1, 11.28%, 0, 0, 1, 0.02, 27, 122161
766, 0, 0, 1, 1, 1, 11.28%, 0, 0, 1, 0.02, 28, 122161
804, 0, 0, 1, 1, 1, 11.28%, 0, 0, 1, 0.02, 29, 122161
841, 0, 0, 1, 1, 1, 11.28%, 0, 0, 1, 0.02, 30, 122161
877, 0, 0, 1, 1, 1, 11.28%, 0, 0, 1, 0.02, 31, 122161
915, 0, 0, 1, 1, 1, 11.28%, 0, 0, 1, 0.02, 32, 122161
955, 0, 0, 1, 1, 1, 11.28%, 0, 0, 1, 0.02, 33, 122161
992, 0, 0, 1, 1, 1, 11.28%, 0, 0, 1, 0.02, 34, 122161
1030, 0, 0, 1, 1, 1, 11.28%, 0, 0, 1, 0.02, 35, 122161
1068, 0, 0, 1, 1, 1, 11.28%, 0, 0, 1, 0.02, 36, 122161
1106, 0, 0, 1, 1, 1, 11.28%, 0, 0, 1, 0.02, 37, 122161
1144, 0, 0, 1, 1, 1, 11.28%, 0, 0, 1, 0.02, 38, 122161
1191, 0, 0, 1, 1, 1, 11.28%, 0, 0, 1, 0.02, 39, 122161
1247, 0, 0, 1, 1, 1, 11.28%, 0, 0, 1, 0.02, 40, 122161
1299, 0, 0, 1, 1, 1, 11.28%, 0, 0, 1, 0.02, 41, 122161
1353, 0, 0, 1, 1, 1, 11.28%, 0, 0, 1, 0.02, 42, 122161
1409, 0, 0, 1, 1, 1, 11.28%, 0, 0, 1, 0.02, 43, 122161
1465, 0, 0, 1, 1, 1, 11.28%, 0, 0, 1, 0.02, 44, 122161
1518, 0, 0, 1, 1, 1, 11.28%, 0, 0, 1, 0.02, 45, 122161
1574, 0, 0, 1, 1, 1, 11.28%, 0, 0, 1, 0.02, 46, 122161
1632, 0, 0, 1, 1, 1, 11.28%, 0, 0, 1, 0.02, 47, 122161
1694, 0, 0, 1, 1, 1, 11.28%, 0, 0, 1, 0.02, 48, 122161
1757, 0, 0, 1, 1, 1, 11.28%, 0, 0, 1, 0.02, 49, 122161
1814, 0, 0, 1, 1, 1, 11.28%, 0, 0, 1, 0.02, 50, 122161
1873, 0, 0, 1, 1, 1, 11.28%, 0, 0, 1, 0.02, 51, 122161
1934, 0, 0, 1, 1, 1, 11.28%, 0, 0, 1, 0.02, 52, 122161
1985, 0, 0, 1, 1, 1, 11.28%, 0, 0, 1, 0.02, 53, 122161
2038, 0, 0, 1, 1, 1, 11.28%, 0, 0, 1, 0.02, 54, 122161
2088, 0, 0, 1, 1, 1, 11.28%, 0, 0, 1, 0.02, 55, 122161
2102, 0, 0, 1, 1, 1, 11.28%, 0, 0, 1, 0.02, 56, 122161
2147, 0, 0, 1, 1, 1, 11.28%, 0, 0, 1, 0.02, 57, 122161
2192, 0, 0, 1, 1, 1, 11.28%, 0, 0, 1, 0.02, 58, 122161
2234, 0, 0, 1, 1, 1, 11.28%, 0, 0, 1, 0.02, 59, 122161
2323, 0, 0, 1, 1, 1, 11.28%, 0, 0, 1, 0.02, 60, 122161
2362, 0, 0, 1, 1, 1, 11.28%, 0, 0, 1, 0.02, 61, 122161
2400, 0, 0, 1, 1, 1, 11.28%, 0, 0, 1, 0.02, 62, 122161
2440, 0, 0, 1, 1, 1, 11.28%, 0, 0, 1, 0.02, 63, 122161
2480, 0, 0, 1, 1, 1, 11.28%, 0, 0, 1, 0.02, 64, 122161
2521, 0, 0, 1, 1, 1, 11.28%, 0, 0, 1, 0.02, 65, 122161
2560, 0, 0, 1, 1, 1, 11.28%, 0, 0, 1, 0.02, 66, 122161
2607, 0, 0, 1, 1, 1, 11.28%, 0, 0, 1, 0.02, 67, 122161
2654, 0, 0, 1, 1, 1, 11.28%, 0, 0, 1, 0.02, 68, 122161
2701, 0, 0, 1, 1, 1, 11.28%, 0, 0, 1, 0.02, 69, 122161
2748, 0, 0, 1, 1, 1, 11.28%, 0, 0, 1, 0.02, 70, 122161
2794, 0, 0, 1, 1, 1, 11.28%, 0, 0, 1, 0.02, 71, 122161
2841, 0, 0, 1, 1, 1, 11.28%, 0, 0, 1, 0.02, 72, 122161
2889, 0, 0, 1, 1, 1, 11.28%, 0, 0, 1, 0.02, 73, 122161
2927, 0, 0, 1, 1, 1, 11.28%, 0, 0, 1, 0.02, 74, 122161
2975, 0, 0, 1, 1, 1, 11.28%, 0, 0, 1, 0.02, 75, 122161
3023, 0, 0, 1, 1, 1, 11.28%, 0, 0, 1, 0.02, 76, 122161
3054, 0, 0, 1, 1, 1, 11.28%, 0, 0, 1, 0.02, 77, 122161
3087, 0, 0, 1, 1, 1, 11.28%, 0, 0, 1, 0.02, 78, 122161
3120, 0, 0, 1, 1, 1, 11.28%, 0, 0, 1, 0.02, 79, 122161
3152, 0, 0, 1, 1, 1, 11.28%, 0, 0, 1, 0.02, 80, 122161
3184, 0, 0, 1, 1, 1, 11.28%, 0, 0, 1, 0.02, 81, 122161
3229, 0, 0, 1, 1, 1, 11.28%, 0, 0, 1, 0.02, 82, 122161
3271, 0, 0, 1, 1, 1, 11.28%, 0, 0, 1, 0.02, 83, 122161
3314, 0, 0, 1, 1, 1, 11.28%, 0, 0, 1, 0.02, 84, 122161
3359, 0, 0, 1, 1, 1, 11.28%, 0, 0, 1, 0.02, 85, 122161
3403, 0, 0, 1, 1, 1, 11.28%, 0, 0, 1, 0.02, 86, 122161
3445, 0, 0, 1, 1, 1, 11.28%, 0, 0, 1, 0.02, 87, 122161
3489, 0, 0, 1, 1, 1, 11.28%, 0, 0, 1, 0.02, 88, 122161
3535, 0, 0, 1, 1, 1, 11.28%, 0, 0, 1, 0.02, 89, 122161
3583, 0, 0, 1, 1, 1, 11.28%, 0, 0, 1, 0.02, 90, 122161
3630, 0, 0, 1, 1, 1, 11.28%, 0, 0, 1, 0.02, 91, 122161
3678, 0, 0, 1, 1, 1, 11.28%, 0, 0, 1, 0.02, 92, 122161
3724, 0, 0, 1, 1, 1, 11.28%, 0, 0, 1, 0.02, 93, 122161
3769, 0, 0, 1, 1, 1, 11.28%, 0, 0, 1, 0.02, 94, 122161
3814, 0, 0, 1, 1, 1, 11.28%, 0, 0, 1, 0.02, 95, 122161
3861, 0, 0, 1, 1, 1, 11.28%, 0, 0, 1, 0.02, 96, 122161
3908, 0, 0, 1, 1, 1, 11.28%, 0, 0, 1, 0.02, 97, 122161
3956, 0, 0, 1, 1, 1, 11.28%, 0, 0, 1, 0.02, 98, 122161
3995, 0, 0, 1, 1, 1, 11.28%, 0, 0, 1, 0.02, 99, 122161
4034, 0, 0, 1, 1, 1, 11.28%, 0, 0, 1, 0.02, 100, 122161
4073, 0, 0, 1, 1, 1, 11.28%, 0, 0, 1, 0.02, 101, 122161
4115, 0, 0, 1, 1, 1, 11.28%, 0, 0, 1, 0.02, 102, 122161
4154, 0, 0, 1, 1, 1, 11.28%, 0, 0, 1, 0.02, 103, 122161
4193, 0, 0, 1, 1, 1, 11.28%, 0, 0, 1, 0.02, 104, 122161
4234, 0, 0, 1, 1, 1, 11.28%, 0, 0, 1, 0.02, 105, 122161
4285, 0, 0, 1, 1, 1, 11.28%, 0, 0, 1, 0.02, 106, 122161
4343, 0, 0, 1, 1, 1, 11.28%, 0, 0, 1, 0.02, 107, 122161
4382, 0, 0, 1, 1, 1, 11.28%, 0, 0, 1, 0.02, 108, 122161
4422, 0, 0, 1, 1, 1, 11.28%, 0, 0, 1, 0.02, 109, 122161
4460, 0, 0, 1, 1, 1, 11.28%, 0, 0, 1, 0.02, 110, 122161
4500, 0, 0, 1, 1, 1, 11.28%, 0, 0, 1, 0.02, 111, 122161
4540, 0, 0, 1, 1, 1, 11.28%, 0, 0, 1, 0.02, 112, 122161
4579, 0, 0, 1, 1, 1, 11.28%, 0, 0, 1, 0.02, 113, 122161
4618, 0, 0, 1, 1, 1, 11.28%, 0, 0, 1, 0.02, 114, 122161
4657, 0, 0, 1, 1, 1, 11.28%, 0, 0, 1, 0.02, 115, 122161
4696, 0, 0, 1, 1, 1, 11.28%, 0, 0, 1, 0.02, 116, 122161
4734, 0, 0, 1, 1, 1, 11.28%, 0, 0, 1, 0.02, 117, 122161
4773, 0, 0, 1, 1, 1, 11.28%, 0, 0, 1, 0.02, 118, 122161
4811, 0, 0, 1, 1, 1, 11.28%, 0, 0, 1, 0.02, 119, 122161
4850, 0, 0, 1, 1, 1, 11.28%, 0, 0, 1, 0.02, 120, 122161
4888, 0, 0, 1, 1, 1, 11.28%, 0, 0, 1, 0.02, 121, 122161
4926, 0, 0, 1, 1, 1, 11.28%, 0, 0, 1, 0.02, 122, 122161
4964, 0, 0, 1, 1, 1, 11.28%, 0, 0, 1, 0.02, 123, 122161
5003, 0, 0, 1, 1, 1, 11.28%, 0, 0, 1, 0.02, 124, 122161
5042, 0, 0, 1, 1, 1, 11.28%, 0, 0, 1, 0.02, 125, 122161
5081, 0, 0, 1, 1, 1, 11.28%, 0, 0, 1, 0.03, 126, 122161
5120, 0, 0, 1, 1, 1, 11.28%, 0, 0, 1, 0.03, 127, 122161
5158, 0, 0, 1, 1, 1, 11.28%, 0, 0, 1, 0.03, 128, 122161
5196, 0, 0, 1, 1, 1, 11.28%, 0, 0, 1, 0.03, 129, 122161
5235, 0, 0, 1, 1, 1, 11.28%, 0, 0, 1, 0.03, 130, 122161
5273, 0, 0, 1, 1, 1, 11.28%, 0, 0, 1, 0.03, 131, 122161
5311, 0, 0, 1, 1, 1, 11.28%, 0, 0, 1, 0.03, 132, 122161
5350, 0, 0, 1, 1, 1, 11.28%, 0, 0, 1, 0.03, 133, 122161
5389, 0, 0, 1, 1, 1, 11.28%, 0, 0, 1, 0.03, 134, 122161
5428, 0, 0, 1, 1, 1, 11.28%, 0, 0, 1, 0.03, 135, 122161
5467, 0, 0, 1, 1, 1, 11.28%, 0, 0, 1, 0.03, 136, 122161
5499, 0, 0, 1, 1, 1, 11.28%, 0, 0, 1, 0.03, 137, 122161
5530, 0, 0, 1, 1, 1, 11.28%, 0, 0, 1, 0.03, 138, 122161
5561, 0, 0, 1, 1, 1, 11.28%, 0, 0, 1, 0.03, 139, 122161
5593, 0, 0, 1, 1, 1, 11.28%, 0, 0, 1, 0.03, 140, 122161
5624, 0, 0, 1, 1, 1, 11.28%, 0, 0, 1, 0.03, 141, 122161
5655, 0, 0, 1, 1, 1, 11.28%, 0, 0, 1, 0.03, 142, 122161
5686, 0, 0, 1, 1, 1, 11.28%, 0, 0, 1, 0.03, 143, 122161
5718, 0, 0, 1, 1, 1, 11.28%, 0, 0, 1, 0.03, 144, 122161
5750, 0, 0, 1, 1, 1, 11.28%, 0, 0, 1, 0.03, 145, 122161
5781, 0, 0, 1, 1, 1, 11.28%, 0, 0, 1, 0.03, 146, 122161
5813, 0, 0, 1, 1, 1, 11.28%, 0, 0, 1, 0.03, 147, 122161
5845, 0, 0, 1, 1, 1, 11.28%, 0, 0, 1, 0.03, 148, 122161
5876, 0, 0, 1, 1, 1, 11.28%, 0, 0, 1, 0.03, 149, 122161
5907, 0, 0, 1, 1, 1, 11.28%, 0, 0, 1, 0.03, 150, 122161
6320, 0, 0, 2, 2, 1, 11.35%, 0, 0, 2, 0.03, 163, 122856
6729, 0, 0, 3, 3, 1, 11.35%, 0, 0, 2, 0.03, 176, 122856
7140, 0, 0, 4, 4, 1, 11.35%, 0, 0, 2, 0.03, 189, 122856
7172, 0, 0, 4, 4, 1, 11.35%, 0, 0, 2, 0.03, 190, 122856
7565, 0, 0, 5, 5, 1, 11.38%, 0, 0, 2, 0.03, 203, 123165
8197, 0, 0, 6, 6, 1, 11.93%, 0, 0, 2, 0.03, 216, 129192
8751, 0, 0, 7, 7, 1, 12.12%, 0, 0, 2, 0.03, 229, 131165
9303, 0, 0, 8, 8, 1, 12.12%, 0, 0, 2, 0.03, 242, 131182
9715, 0, 0, 9, 9, 1, 12.24%, 0, 0, 2, 0.03, 249, 132516
10268, 0, 0, 10, 10, 1, 12.26%, 0, 0, 2, 0.03, 262, 132715
10835, 0, 0, 11, 11, 1, 12.43%, 0, 0, 2, 0.03, 275, 134534
11373, 0, 0, 12, 12, 1, 12.43%, 0, 0, 2, 0.03, 288, 134556
11928, 0, 0, 13, 13, 1, 12.43%, 0, 0, 2, 0.03, 301, 134558
12491, 0, 0, 14, 14, 1, 12.57%, 0, 0, 2, 0.03, 314, 136110
12981, 0, 0, 15, 15, 1, 12.59%, 0, 0, 2, 0.03, 327, 136285
13536, 0, 0, 16, 16, 1, 12.59%, 0, 0, 2, 0.03, 340, 136288
14014, 0, 0, 17, 17, 1, 12.88%, 0, 0, 2, 0.03, 353, 139421
14584, 0, 0, 18, 18, 1, 12.88%, 0, 0, 2, 0.03, 366, 139425
15053, 0, 0, 19, 19, 1, 12.88%, 0, 0, 2, 0.03, 379, 139434
15611, 0, 0, 20, 20, 1, 12.88%, 0, 0, 2, 0.03, 392, 139434
16167, 0, 0, 21, 21, 1, 12.88%, 0, 0, 2, 0.03, 405, 139434
16663, 0, 0, 22, 22, 1, 12.88%, 0, 0, 2, 0.03, 418, 139437
17267, 0, 0, 23, 23, 1, 12.91%, 0, 0, 2, 0.03, 431, 139752
17863, 0, 0, 24, 24, 1, 12.91%, 0, 0, 2, 0.03, 443, 139769
17900, 0, 0, 24, 24, 1, 12.91%, 0, 0, 2, 0.03, 444, 139769
17943, 0, 0, 24, 24, 1, 12.91%, 0, 0, 2, 0.03, 445, 139769
17986, 0, 0, 24, 24, 1, 12.91%, 0, 0, 2, 0.03, 446, 139769
18507, 0, 0, 25, 25, 1, 12.97%, 0, 0, 2, 0.03, 459, 140363
19041, 0, 0, 26, 26, 1, 12.99%, 0, 0, 2, 0.03, 472, 140640
19560, 0, 0, 27, 27, 1, 12.99%, 0, 0, 2, 0.03, 485, 140641
20168, 0, 0, 28, 28, 1, 12.99%, 0, 0, 2, 0.02, 498, 140662
20638, 0, 0, 29, 29, 1, 12.99%, 0, 0, 2, 0.03, 511, 140662
21188, 0, 0, 30, 30, 1, 13.01%, 0, 0, 2, 0.02, 524, 140820
21748, 0, 0, 31, 31, 1, 13.05%, 0, 0, 2, 0.02, 537, 141303
22534, 0, 0, 32, 32, 1, 13.18%, 0, 0, 2, 0.02, 550, 142681
23088, 0, 0, 33, 33, 1, 13.19%, 0, 0, 2, 0.02, 563, 142781
23608, 0, 0, 34, 34, 1, 13.19%, 0, 0, 2, 0.02, 576, 142803
24236, 0, 0, 35, 35, 1, 13.19%, 0, 0, 2, 0.02, 589, 142803
24838, 0, 0, 36, 36, 1, 13.20%, 0, 0, 2, 0.02, 602, 142859
25420, 0, 0, 37, 37, 1, 13.20%, 0, 0, 2, 0.02, 615, 142859
25833, 0, 0, 38, 38, 1, 13.20%, 0, 0, 2, 0.02, 620, 142878
25890, 0, 0, 38, 38, 1, 13.20%, 0, 0, 2, 0.02, 621, 142878
25935, 0, 0, 38, 38, 1, 13.20%, 0, 0, 2, 0.02, 622, 142878
26661, 0, 0, 39, 39, 1, 13.20%, 0, 0, 2, 0.02, 635, 142882
26705, 0, 0, 39, 39, 1, 13.20%, 0, 0, 2, 0.02, 636, 142882
27288, 0, 0, 40, 40, 1, 13.22%, 0, 0, 2, 0.02, 649, 143122
27326, 0, 0, 40, 40, 1, 13.22%, 0, 0, 2, 0.02, 650, 143122
27931, 0, 0, 41, 41, 1, 13.22%, 0, 0, 2, 0.02, 663, 143145
27975, 0, 0, 41, 41, 1, 13.22%, 0, 0, 2, 0.02, 664, 143145
28018, 0, 0, 41, 41, 1, 13.22%, 0, 0, 2, 0.02, 665, 143145
28686, 0, 0, 42, 42, 1, 13.24%, 0, 0, 2, 0.02, 678, 143312
29233, 0, 0, 43, 43, 1, 13.24%, 0, 0, 2, 0.02, 691, 143312
29276, 0, 0, 43, 43, 1, 13.24%, 0, 0, 2, 0.02, 692, 143312
29782, 0, 0, 44, 44, 1, 13.24%, 0, 0, 2, 0.02, 705, 143313
29825, 0, 0, 44, 44, 1, 13.24%, 0, 0, 2, 0.02, 706, 143313
29865, 0, 0, 44, 44, 1, 13.24%, 0, 0, 2, 0.02, 707, 143313
30448, 0, 0, 45, 45, 1, 13.24%, 0, 0, 2, 0.02, 720, 143313
30485, 0, 0, 45, 45, 1, 13.24%, 0, 0, 2, 0.02, 721, 143313
31087, 0, 0, 46, 46, 1, 13.24%, 0, 0, 2, 0.02, 734, 143319
31126, 0, 0, 46, 46, 1, 13.24%, 0, 0, 2, 0.02, 735, 143319
31683, 0, 0, 47, 47, 1, 13.24%, 0, 0, 2, 0.02, 748, 143319
32339, 0, 0, 48, 48, 1, 13.26%, 0, 0, 2, 0.02, 761, 143488
32381, 0, 0, 48, 48, 1, 13.26%, 0, 0, 2, 0.02, 762, 143488
32424, 0, 0, 48, 48, 1, 13.26%, 0, 0, 2, 0.02, 763, 143488
32467, 0, 0, 48, 48, 1, 13.26%, 0, 0, 2, 0.02, 764, 143488
32504, 0, 0, 48, 48, 1, 13.26%, 0, 0, 2, 0.02, 765, 143488
32547, 0, 0, 48, 48, 1, 13.26%, 0, 0, 2, 0.02, 766, 143488
33146, 0, 0, 49, 49, 1, 13.27%, 0, 0, 2, 0.02, 779, 143596
33876, 0, 0, 50, 50, 1, 13.27%, 0, 0, 2, 0.02, 792, 143597
34430, 0, 0, 51, 51, 1, 13.27%, 0, 0, 2, 0.02, 805, 143601
34464, 0, 0, 51, 51, 1, 13.27%, 0, 0, 2, 0.02, 806, 143601
34507, 0, 0, 51, 51, 1, 13.27%, 0, 0, 2, 0.02, 807, 143601
34550, 0, 0, 51, 51, 1, 13.27%, 0, 0, 2, 0.02, 808, 143601
35182, 0, 0, 52, 52, 1, 13.27%, 0, 0, 2, 0.02, 821, 143653
35894, 0, 0, 53, 53, 1, 13.29%, 0, 0, 2, 0.02, 834, 143870
35932, 0, 0, 53, 53, 1, 13.29%, 0, 0, 2, 0.02, 835, 143870
35976, 0, 0, 53, 53, 1, 13.29%, 0, 0, 2, 0.02, 836, 143870
36019, 0, 0, 53, 53, 1, 13.29%, 0, 0, 2, 0.02, 837, 143870
36062, 0, 0, 53, 53, 1, 13.29%, 0, 0, 2, 0.02, 838, 143870
36104, 0, 0, 53, 53, 1, 13.29%, 0, 0, 2, 0.02, 839, 143870
36633, 0, 0, 54, 54, 1, 13.29%, 0, 0, 2, 0.02, 852, 143871
36678, 0, 0, 54, 54, 1, 13.29%, 0, 0, 2, 0.02, 853, 143871
36722, 0, 0, 54, 54, 1, 13.29%, 0, 0, 2, 0.02, 854, 143871
37376, 0, 0, 55, 55, 1, 13.30%, 0, 0, 2, 0.02, 867, 143982
37414, 0, 0, 55, 55, 1, 13.30%, 0, 0, 2, 0.02, 868, 143982
37453, 0, 0, 55, 55, 1, 13.30%, 0, 0, 2, 0.02, 869, 143982
37497, 0, 0, 55, 55, 1, 13.30%, 0, 0, 2, 0.02, 870, 143982
37541, 0, 0, 55, 55, 1, 13.30%, 0, 0, 2, 0.02, 871, 143982
37578, 0, 0, 55, 55, 1, 13.30%, 0, 0, 2, 0.02, 872, 143982
37621, 0, 0, 55, 55, 1, 13.30%, 0, 0, 2, 0.02, 873, 143982
37672, 0, 0, 55, 55, 1, 13.30%, 0, 0, 2, 0.02, 874, 143982
37717, 0, 0, 55, 55, 1, 13.30%, 0, 0, 2, 0.02, 875, 143982
38281, 0, 0, 56, 56, 1, 13.30%, 0, 0, 2, 0.02, 888, 143984
38801, 0, 0, 57, 57, 1, 13.30%, 0, 0, 2, 0.02, 901, 143984
38843, 0, 0, 57, 57, 1, 13.30%, 0, 0, 2, 0.02, 902, 143984
39308, 0, 0, 58, 58, 1, 13.30%, 0, 0, 2, 0.02, 915, 144013
39932, 0, 0, 59, 59, 1, 13.31%, 0, 0, 2, 0.02, 928, 144090
39975, 0, 0, 59, 59, 1, 13.31%, 0, 0, 2, 0.02, 929, 144090
40018, 0, 0, 59, 59, 1, 13.31%, 0, 0, 2, 0.02, 930, 144090
40061, 0, 0, 59, 59, 1, 13.31%, 0, 0, 2, 0.02, 931, 144090
40751, 0, 0, 60, 60, 1, 13.35%, 0, 0, 2, 0.02, 944, 144469
40795, 0, 0, 60, 60, 1, 13.35%, 0, 0, 2, 0.02, 945, 144469
41427, 0, 0, 61, 61, 1, 13.35%, 0, 0, 2, 0.02, 958, 144469
42163, 0, 0, 62, 62, 1, 13.35%, 0, 0, 2, 0.02, 971, 144471
42207, 0, 0, 62, 62, 1, 13.35%, 0, 0, 2, 0.02, 972, 144471
42258, 0, 0, 62, 62, 1, 13.35%, 0, 0, 2, 0.02, 973, 144471
42302, 0, 0, 62, 62, 1, 13.35%, 0, 0, 2, 0.02, 974, 144471
42342, 0, 0, 62, 62, 1, 13.35%, 0, 0, 2, 0.02, 975, 144471
42375, 0, 0, 62, 62, 1, 13.35%, 0, 0, 2, 0.02, 976, 144471
42418, 0, 0, 62, 62, 1, 13.35%, 0, 0, 2, 0.02, 977, 144471
43013, 0, 0, 63, 63, 1, 13.35%, 0, 0, 2, 0.02, 990, 144508
43622, 0, 0, 64, 64, 1, 13.36%, 0, 0, 2, 0.02, 1003, 144651
43659, 0, 0, 64, 64, 1, 13.36%, 0, 0, 2, 0.02, 1004, 144651
43703, 0, 0, 64, 64, 1, 13.36%, 0, 0, 2, 0.02, 1005, 144651
43747, 0, 0, 64, 64, 1, 13.36%, 0, 0, 2, 0.02, 1006, 144651
43792, 0, 0, 64, 64, 1, 13.36%, 0, 0, 2, 0.02, 1007, 144651
43829, 0, 0, 64, 64, 1, 13.36%, 0, 0, 2, 0.02, 1008, 144651
43872, 0, 0, 64, 64, 1, 13.36%, 0, 0, 2, 0.02, 1009, 144651
44509, 0, 0, 65, 65, 1, 13.37%, 0, 0, 2, 0.02, 1022, 144770
44559, 0, 0, 65, 65, 1, 13.37%, 0, 0, 2, 0.02, 1023, 144770
45105, 0, 0, 66, 66, 1, 13.37%, 0, 0, 2, 0.02, 1036, 144770
45150, 0, 0, 66, 66, 1, 13.37%, 0, 0, 2, 0.02, 1037, 144770
45188, 0, 0, 66, 66, 1, 13.37%, 0, 0, 2, 0.02, 1038, 144770
45231, 0, 0, 66, 66, 1, 13.37%, 0, 0, 2, 0.02, 1039, 144770
45275, 0, 0, 66, 66, 1, 13.37%, 0, 0, 2, 0.02, 1040, 144770
45318, 0, 0, 66, 66, 1, 13.37%, 0, 0, 2, 0.02, 1041, 144770
45364, 0, 0, 66, 66, 1, 13.37%, 0, 0, 2, 0.02, 1042, 144770
45405, 0, 0, 66, 66, 1, 13.37%, 0, 0, 2, 0.02, 1043, 144770
45449, 0, 0, 66, 66, 1, 13.37%, 0, 0, 2, 0.02, 1044, 144770
45493, 0, 0, 66, 66, 1, 13.37%, 0, 0, 2, 0.02, 1045, 144770
45991, 0, 0, 67, 67, 1, 13.37%, 0, 0, 2, 0.02, 1058, 144774
46034, 0, 0, 67, 67, 1, 13.37%, 0, 0, 2, 0.02, 1059, 144774
46073, 0, 0, 67, 67, 1, 13.37%, 0, 0, 2, 0.02, 1060, 144774
46120, 0, 0, 67, 67, 1, 13.37%, 0, 0, 2, 0.02, 1061, 144774
46164, 0, 0, 67, 67, 1, 13.37%, 0, 0, 2, 0.02, 1062, 144774
46209, 0, 0, 67, 67, 1, 13.37%, 0, 0, 2, 0.02, 1063, 144774
46254, 0, 0, 67, 67, 1, 13.37%, 0, 0, 2, 0.02, 1064, 144774
46297, 0, 0, 67, 67, 1, 13.37%, 0, 0, 2, 0.02, 1065, 144774
46346, 0, 0, 67, 67, 1, 13.37%, 0, 0, 2, 0.02, 1066, 144774
46966, 0, 0, 68, 68, 1, 13.37%, 0, 0, 2, 0.02, 1079, 144774
47003, 0, 0, 68, 68, 1, 13.37%, 0, 0, 2, 0.02, 1080, 144774
47626, 0, 0, 69, 69, 1, 13.37%, 0, 0, 2, 0.02, 1093, 144774
47672, 0, 0, 69, 69, 1, 13.37%, 0, 0, 2, 0.02, 1094, 144774
47718, 0, 0, 69, 69, 1, 13.37%, 0, 0, 2, 0.02, 1095, 144774
48385, 0, 0, 70, 70, 1, 13.38%, 0, 0, 2, 0.02, 1108, 144820
49024, 0, 0, 71, 71, 1, 13.38%, 0, 0, 2, 0.02, 1121, 144820
49633, 0, 0, 72, 72, 1, 13.38%, 0, 0, 2, 0.02, 1134, 144820
49675, 0, 0, 72, 72, 1, 13.38%, 0, 0, 2, 0.02, 1135, 144820
49720, 0, 0, 72, 72, 1, 13.38%, 0, 0, 2, 0.02, 1136, 144820
49763, 0, 0, 72, 72, 1, 13.38%, 0, 0, 2, 0.02, 1137, 144820
49807, 0, 0, 72, 72, 1, 13.38%, 0, 0, 2, 0.02, 1138, 144820
49851, 0, 0, 72, 72, 1, 13.38%, 0, 0, 2, 0.02, 1139, 144820
49895, 0, 0, 72, 72, 1, 13.38%, 0, 0, 2, 0.02, 1140, 144820
49951, 0, 0, 72, 72, 1, 13.38%, 0, 0, 2, 0.02, 1141, 144820
49990, 0, 0, 72, 72, 1, 13.38%, 0, 0, 2, 0.02, 1142, 144820
50033, 0, 0, 72, 72, 1, 13.38%, 0, 0, 2, 0.02, 1143, 144820
50072, 0, 0, 72, 72, 1, 13.38%, 0, 0, 2, 0.02, 1144, 144820
50604, 0, 0, 73, 73, 1, 13.38%, 0, 0, 2, 0.02, 1157, 144820
50647, 0, 0, 73, 73, 1, 13.38%, 0, 0, 2, 0.02, 1158, 144820
50697, 0, 0, 73, 73, 1, 13.38%, 0, 0, 2, 0.02, 1159, 144820
51437, 0, 0, 74, 74, 1, 13.43%, 0, 0, 2, 0.02, 1172, 145429
52079, 0, 0, 75, 75, 1, 13.44%, 0, 0, 2, 0.02, 1185, 145438
52658, 0, 0, 76, 76, 1, 13.44%, 0, 0, 2, 0.02, 1198, 145449
52697, 0, 0, 76, 76, 1, 13.44%, 0, 0, 2, 0.02, 1199, 145449
52740, 0, 0, 76, 76, 1, 13.44%, 0, 0, 2, 0.02, 1200, 145449
52783, 0, 0, 76, 76, 1, 13.44%, 0, 0, 2, 0.02, 1201, 145449
52830, 0, 0, 76, 76, 1, 13.44%, 0, 0, 2, 0.02, 1202, 145449
52869, 0, 0, 76, 76, 1, 13.44%, 0, 0, 2, 0.02, 1203, 145449
52912, 0, 0, 76, 76, 1, 13.44%, 0, 0, 2, 0.02, 1204, 145449
52955, 0, 0, 76, 76, 1, 13.44%, 0, 0, 2, 0.02, 1205, 145449
52994, 0, 0, 76, 76, 1, 13.44%, 0, 0, 2, 0.02, 1206, 145449
53035, 0, 0, 76, 76, 1, 13.44%, 0, 0, 2, 0.02, 1207, 145449
53079, 0, 0, 76, 76, 1, 13.44%, 0, 0, 2, 0.02, 1208, 145449
53117, 0, 0, 76, 76, 1, 13.44%, 0, 0, 2, 0.02, 1209, 145449
53554, 0, 0, 77, 77, 1, 13.44%, 0, 0, 2, 0.02, 1222, 145474
53592, 0, 0, 77, 77, 1, 13.44%, 0, 0, 2, 0.02, 1223, 145474
53635, 0, 0, 77, 77, 1, 13.44%, 0, 0, 2, 0.02, 1224, 145474
53681, 0, 0, 77, 77, 1, 13.44%, 0, 0, 2, 0.02, 1225, 145474
53725, 0, 0, 77, 77, 1, 13.44%, 0, 0, 2, 0.02, 1226, 145474
53768, 0, 0, 77, 77, 1, 13.44%, 0, 0, 2, 0.02, 1227, 145474
53811, 0, 0, 77, 77, 1, 13.44%, 0, 0, 2, 0.02, 1228, 145474
53859, 0, 0, 77, 77, 1, 13.44%, 0, 0, 2, 0.02, 1229, 145474
53903, 0, 0, 77, 77, 1, 13.44%, 0, 0, 2, 0.02, 1230, 145474
53946, 0, 0, 77, 77, 1, 13.44%, 0, 0, 2, 0.02, 1231, 145474
54513, 0, 0, 78, 78, 1, 13.44%, 0, 0, 2, 0.02, 1244, 145475
54564, 0, 0, 78, 78, 1, 13.44%, 0, 0, 2, 0.02, 1245, 145475
55266, 0, 0, 79, 79, 1, 13.44%, 0, 0, 2, 0.02, 1258, 145475
55309, 0, 0, 79, 79, 1, 13.44%, 0, 0, 2, 0.02, 1259, 145475
55353, 0, 0, 79, 79, 1, 13.44%, 0, 0, 2, 0.02, 1260, 145475
55394, 0, 0, 79, 79, 1, 13.44%, 0, 0, 2, 0.02, 1261, 145475
56000, 0, 0, 80, 80, 1, 13.44%, 0, 0, 2, 0.02, 1274, 145520
56557, 0, 0, 81, 81, 1, 13.44%, 0, 0, 2, 0.02, 1287, 145521
57274, 0, 0, 82, 82, 1, 13.44%, 0, 0, 2, 0.02, 1300, 145541
57937, 0, 0, 83, 83, 1, 13.44%, 0, 0, 2, 0.02, 1313, 145541
57977, 0, 0, 83, 83, 1, 13.44%, 0, 0, 2, 0.02, 1314, 145541
58021, 0, 0, 83, 83, 1, 13.44%, 0, 0, 2, 0.02, 1315, 145541
58059, 0, 0, 83, 83, 1, 13.44%, 0, 0, 2, 0.02, 1316, 145541
58104, 0, 0, 83, 83, 1, 13.44%, 0, 0, 2, 0.02, 1317, 145541
58150, 0, 0, 83, 83, 1, 13.44%, 0, 0, 2, 0.02, 1318, 145541
58200, 0, 0, 83, 83, 1, 13.44%, 0, 0, 2, 0.02, 1319, 145541
58247, 0, 0, 83, 83, 1, 13.44%, 0, 0, 2, 0.02, 1320, 145541
58297, 0, 0, 83, 83, 1, 13.44%, 0, 0, 2, 0.02, 1321, 145541
58345, 0, 0, 83, 83, 1, 13.44%, 0, 0, 2, 0.02, 1322, 145541
58390, 0, 0, 83, 83, 1, 13.44%, 0, 0, 2, 0.02, 1323, 145541
58434, 0, 0, 83, 83, 1, 13.44%, 0, 0, 2, 0.02, 1324, 145541
59062, 0, 0, 84, 84, 1, 13.45%, 0, 0, 2, 0.02, 1337, 145590
59110, 0, 0, 84, 84, 1, 13.45%, 0, 0, 2, 0.02, 1338, 145590
59155, 0, 0, 84, 84, 1, 13.45%, 0, 0, 2, 0.02, 1339, 145590
59198, 0, 0, 84, 84, 1, 13.45%, 0, 0, 2, 0.02, 1340, 145590
59784, 0, 0, 85, 85, 1, 13.45%, 0, 0, 2, 0.02, 1353, 145590
60440, 0, 0, 86, 86, 1, 13.45%, 0, 0, 2, 0.02, 1366, 145591
60474, 0, 0, 86, 86, 1, 13.45%, 0, 0, 2, 0.02, 1367, 145591
60515, 0, 0, 86, 86, 1, 13.45%, 0, 0, 2, 0.02, 1368, 145591
60555, 0, 0, 86, 86, 1, 13.45%, 0, 0, 2, 0.02, 1369, 145591
60599, 0, 0, 86, 86, 1, 13.45%, 0, 0, 2, 0.02, 1370, 145591
60651, 0, 0, 86, 86, 1, 13.45%, 0, 0, 2, 0.02, 1371, 145591
60680, 0, 0, 86, 86, 1, 13.45%, 0, 0, 2, 0.02, 1372, 145591
60724, 0, 0, 86, 86, 1, 13.45%, 0, 0, 2, 0.02, 1373, 145591
60770, 0, 0, 86, 86, 1, 13.45%, 0, 0, 2, 0.02, 1374, 145591
60807, 0, 0, 86, 86, 1, 13.45%, 0, 0, 2, 0.02, 1375, 145591
61667, 0, 0, 87, 87, 1, 13.55%, 0, 0, 2, 0.02, 1388, 146641
61717, 0, 0, 87, 87, 1, 13.55%, 0, 0, 2, 0.02, 1389, 146641
62330, 0, 0, 88, 88, 1, 13.55%, 0, 0, 2, 0.02, 1402, 146665
62375, 0, 0, 88, 88, 1, 13.55%, 0, 0, 2, 0.02, 1403, 146665
62427, 0, 0, 88, 88, 1, 13.55%, 0, 0, 2, 0.02, 1404, 146665
62461, 0, 0, 88, 88, 1, 13.55%, 0, 0, 2, 0.02, 1405, 146665
62500, 0, 0, 88, 88, 1, 13.55%, 0, 0, 2, 0.02, 1406, 146665
63017, 0, 0, 89, 89, 1, 13.55%, 0, 0, 2, 0.02, 1419, 146665
63798, 0, 0, 90, 90, 1, 13.55%, 0, 0, 2, 0.02, 1432, 146665
63842, 0, 0, 90, 90, 1, 13.55%, 0, 0, 2, 0.02, 1433, 146665
63883, 0, 0, 90, 90, 1, 13.55%, 0, 0, 2, 0.02, 1434, 146665
63921, 0, 0, 90, 90, 1, 13.55%, 0, 0, 2, 0.02, 1435, 146665
63966, 0, 0, 90, 90, 1, 13.55%, 0, 0, 2, 0.02, 1436, 146665
64011, 0, 0, 90, 90, 1, 13.55%, 0, 0, 2, 0.02, 1437, 146665
64047, 0, 0, 90, 90, 1, 13.55%, 0, 0, 2, 0.02, 1438, 146665
64778, 0, 0, 91, 91, 1, 13.56%, 0, 0, 2, 0.02, 1451, 146790
64825, 0, 0, 91, 91, 1, 13.56%, 0, 0, 2, 0.02, 1452, 146790
65349, 0, 0, 92, 92, 1, 13.56%, 0, 0, 2, 0.02, 1465, 146793
65969, 0, 0, 93, 93, 1, 13.56%, 0, 0, 2, 0.02, 1478, 146793
66007, 0, 0, 93, 93, 1, 13.56%, 0, 0, 2, 0.02, 1479, 146793
66051, 0, 0, 93, 93, 1, 13.56%, 0, 0, 2, 0.02, 1480, 146793
66098, 0, 0, 93, 93, 1, 13.56%, 0, 0, 2, 0.02, 1481, 146793
66143, 0, 0, 93, 93, 1, 13.56%, 0, 0, 2, 0.02, 1482, 146793
66185, 0, 0, 93, 93, 1, 13.56%, 0, 0, 2, 0.02, 1483, 146793
66227, 0, 0, 93, 93, 1, 13.56%, 0, 0, 2, 0.02, 1484, 146793
66267, 0, 0, 93, 93, 1, 13.56%, 0, 0, 2, 0.02, 1485, 146793
66310, 0, 0, 93, 93, 1, 13.56%, 0, 0, 2, 0.02, 1486, 146793
66355, 0, 0, 93, 93, 1, 13.56%, 0, 0, 2, 0.02, 1487, 146793
66399, 0, 0, 93, 93, 1, 13.56%, 0, 0, 2, 0.02, 1488, 146793
67100, 0, 0, 94, 94, 1, 13.56%, 0, 0, 2, 0.02, 1501, 146797
67145, 0, 0, 94, 94, 1, 13.56%, 0, 0, 2, 0.02, 1502, 146797
67196, 0, 0, 94, 94, 1, 13.56%, 0, 0, 2, 0.02, 1503, 146797
67776, 0, 0, 95, 95, 1, 13.56%, 0, 0, 2, 0.02, 1516, 146797
68319, 0, 0, 96, 96, 1, 13.56%, 0, 0, 2, 0.02, 1529, 146797
68808, 0, 0, 97, 97, 1, 13.61%, 0, 0, 2, 0.02, 1542, 147341
68869, 0, 0, 97, 97, 1, 13.61%, 0, 0, 2, 0.02, 1543, 147341
68907, 0, 0, 97, 97, 1, 13.61%, 0, 0, 2, 0.02, 1544, 147341
69833, 0, 0, 98, 98, 1, 13.61%, 0, 0, 2, 0.02, 1557, 147345
69883, 0, 0, 98, 98, 1, 13.61%, 0, 0, 2, 0.02, 1558, 147345
69933, 0, 0, 98, 98, 1, 13.61%, 0, 0, 2, 0.02, 1559, 147345
70601, 0, 0, 99, 99, 1, 13.61%, 0, 0, 2, 0.02, 1571, 147346
70657, 0, 0, 99, 99, 1, 13.61%, 0, 0, 2, 0.02, 1572, 147346
70707, 0, 0, 99, 99, 1, 13.61%, 0, 0, 2, 0.02, 1573, 147346
70756, 0, 0, 99, 99, 1, 13.61%, 0, 0, 2, 0.02, 1574, 147346
70853, 0, 0, 100, 100, 1, 13.63%, 0, 0, 2, 0.00, 1576, 147493
