# relative_time, cycles_done, cur_item, corpus_count, pending_total, pending_favs, map_size, saved_crashes, saved_hangs, max_depth, execs_per_sec, total_execs, edges_found
79, 0, 0, 3, 3, 3, 10.02%, 0, 0, 1, 0.05, 40, 108481
100, 0, 0, 3, 3, 3, 10.02%, 0, 0, 1, 0.05, 41, 108481
120, 0, 0, 3, 3, 3, 10.02%, 0, 0, 1, 0.05, 42, 108481
140, 0, 0, 3, 3, 3, 10.02%, 0, 0, 1, 0.05, 43, 108481
161, 0, 0, 3, 3, 3, 10.02%, 0, 0, 1, 0.05, 44, 108481
181, 0, 0, 3, 3, 3, 10.02%, 0, 0, 1, 0.05, 45, 108481
201, 0, 0, 3, 3, 3, 10.02%, 0, 0, 1, 0.05, 46, 108481
222, 0, 0, 3, 3, 3, 10.02%, 0, 0, 1, 0.05, 47, 108481
243, 0, 0, 3, 3, 3, 10.02%, 0, 0, 1, 0.05, 48, 108481
264, 0, 0, 3, 3, 3, 10.02%, 0, 0, 1, 0.05, 49, 108481
286, 0, 0, 3, 3, 3, 10.02%, 0, 0, 1, 0.05, 50, 108481
306, 0, 0, 3, 3, 3, 10.02%, 0, 0, 1, 0.05, 51, 108481
327, 0, 0, 3, 3, 3, 10.02%, 0, 0, 1, 0.05, 52, 108481
348, 0, 0, 3, 3, 3, 10.02%, 0, 0, 1, 0.05, 53, 108481
370, 0, 0, 3, 3, 3, 10.02%, 0, 0, 1, 0.05, 54, 108481
391, 0, 0, 3, 3, 3, 10.02%, 0, 0, 1, 0.05, 55, 108481
412, 0, 0, 3, 3, 3, 10.02%, 0, 0, 1, 0.05, 56, 108481
433, 0, 0, 3, 3, 3, 10.02%, 0, 0, 1, 0.05, 57, 108481
454, 0, 0, 3, 3, 3, 10.02%, 0, 0, 1, 0.05, 58, 108481
475, 0, 0, 3, 3, 3, 10.02%, 0, 0, 1, 0.05, 59, 108481
496, 0, 0, 3, 3, 3, 10.02%, 0, 0, 1, 0.05, 60, 108481
517, 0, 0, 3, 3, 3, 10.02%, 0, 0, 1, 0.05, 61, 108481
538, 0, 0, 3, 3, 3, 10.02%, 0, 0, 1, 0.05, 62, 108481
559, 0, 0, 3, 3, 3, 10.02%, 0, 0, 1, 0.05, 63, 108481
582, 0, 0, 3, 3, 3, 10.02%, 0, 0, 1, 0.05, 64, 108481
603, 0, 0, 3, 3, 3, 10.02%, 0, 0, 1, 0.05, 65, 108481
623, 0, 0, 3, 3, 3, 10.02%, 0, 0, 1, 0.05, 66, 108481
644, 0, 0, 3, 3, 3, 10.02%, 0, 0, 1, 0.05, 67, 108481
664, 0, 0, 3, 3, 3, 10.02%, 0, 0, 1, 0.05, 68, 108481
686, 0, 0, 3, 3, 3, 10.02%, 0, 0, 1, 0.05, 69, 108481
958, 0, 0, 4, 4, 3, 10.02%, 0, 0, 2, 0.05, 82, 108489
1231, 0, 0, 5, 5, 3, 10.02%, 0, 0, 2, 0.05, 95, 108489
1504, 0, 0, 6, 6, 3, 10.02%, 0, 0, 2, 0.05, 108, 108492
1524, 0, 0, 6, 6, 3, 10.02%, 0, 0, 2, 0.05, 109, 108492
1545, 0, 0, 6, 6, 3, 10.02%, 0, 0, 2, 0.05, 110, 108492
1819, 0, 0, 7, 7, 3, 10.04%, 0, 0, 2, 0.05, 123, 108683
2110, 0, 0, 8, 8, 3, 10.05%, 0, 0, 2, 0.05, 136, 108762
2434, 0, 0, 9, 9, 3, 10.26%, 0, 0, 2, 0.05, 149, 111048
2721, 0, 0, 10, 10, 3, 10.26%, 0, 0, 2, 0.05, 162, 111050
2972, 0, 0, 11, 11, 3, 10.26%, 0, 0, 2, 0.05, 175, 111051
3268, 0, 0, 12, 12, 3, 10.27%, 0, 0, 2, 0.05, 188, 111199
3507, 0, 0, 13, 13, 3, 10.36%, 0, 0, 2, 0.05, 200, 112159
3808, 0, 0, 14, 14, 3, 10.36%, 0, 0, 2, 0.05, 213, 112161
4109, 0, 0, 15, 15, 3, 10.36%, 0, 0, 2, 0.05, 226, 112161
4444, 0, 0, 16, 16, 3, 10.36%, 0, 0, 2, 0.05, 239, 112168
4750, 0, 0, 17, 17, 3, 10.36%, 0, 0, 2, 0.05, 252, 112168
5090, 0, 0, 18, 18, 3, 10.36%, 0, 0, 2, 0.05, 265, 112190
5400, 0, 0, 19, 19, 3, 10.36%, 0, 0, 2, 0.05, 278, 112190
5706, 0, 0, 20, 20, 3, 10.38%, 0, 0, 2, 0.05, 291, 112333
6012, 0, 0, 21, 21, 3, 10.38%, 0, 0, 2, 0.05, 304, 112333
6319, 0, 0, 22, 22, 3, 10.38%, 0, 0, 2, 0.04, 317, 112335
6680, 0, 0, 23, 23, 3, 10.38%, 0, 0, 2, 0.04, 330, 112362
6991, 0, 0, 24, 24, 3, 10.38%, 0, 0, 2, 0.04, 343, 112362
7301, 0, 0, 25, 25, 3, 10.38%, 0, 0, 2, 0.04, 356, 112362
7612, 0, 0, 26, 26, 3, 10.38%, 0, 0, 2, 0.04, 369, 112362
7953, 0, 0, 27, 27, 3, 10.38%, 0, 0, 2, 0.04, 382, 112362
8283, 0, 0, 28, 28, 3, 10.38%, 0, 0, 2, 0.04, 395, 112362
8585, 0, 0, 29, 29, 3, 10.38%, 0, 0, 2, 0.04, 408, 112362
8929, 0, 0, 30, 30, 3, 10.38%, 0, 0, 2, 0.04, 421, 112410
8953, 0, 0, 30, 30, 3, 10.38%, 0, 0, 2, 0.04, 422, 112410
9281, 0, 0, 31, 31, 3, 10.38%, 0, 0, 2, 0.04, 435, 112410
9591, 0, 0, 32, 32, 3, 10.38%, 0, 0, 2, 0.04, 448, 112410
9940, 0, 0, 33, 33, 3, 10.38%, 0, 0, 2, 0.04, 461, 112410
9964, 0, 0, 33, 33, 3, 10.38%, 0, 0, 2, 0.04, 462, 112410
10278, 0, 0, 34, 34, 3, 10.38%, 0, 0, 2, 0.04, 475, 112410
10302, 0, 0, 34, 34, 3, 10.38%, 0, 0, 2, 0.04, 476, 112410
10621, 0, 0, 35, 35, 3, 10.39%, 0, 0, 2, 0.04, 489, 112427
10989, 0, 0, 36, 36, 3, 10.40%, 0, 0, 2, 0.04, 502, 112624
11013, 0, 0, 36, 36, 3, 10.40%, 0, 0, 2, 0.04, 503, 112624
11334, 0, 0, 37, 37, 3, 10.47%, 0, 0, 2, 0.04, 516, 113379
11359, 0, 0, 37, 37, 3, 10.47%, 0, 0, 2, 0.04, 517, 113379
11709, 0, 0, 38, 38, 3, 10.47%, 0, 0, 2, 0.04, 530, 113379
12030, 0, 0, 39, 39, 3, 10.47%, 0, 0, 2, 0.04, 543, 113379
12359, 0, 0, 40, 40, 3, 10.47%, 0, 0, 2, 0.04, 556, 113384
12675, 0, 0, 41, 41, 3, 10.47%, 0, 0, 2, 0.04, 569, 113384
13020, 0, 0, 42, 42, 3, 10.49%, 0, 0, 2, 0.04, 582, 113515
13358, 0, 0, 43, 43, 3, 10.49%, 0, 0, 2, 0.04, 595, 113521
13383, 0, 0, 43, 43, 3, 10.49%, 0, 0, 2, 0.04, 596, 113521
13721, 0, 0, 44, 44, 3, 10.49%, 0, 0, 2, 0.04, 609, 113522
13746, 0, 0, 44, 44, 3, 10.49%, 0, 0, 2, 0.04, 610, 113522
14070, 0, 0, 45, 45, 3, 10.49%, 0, 0, 2, 0.04, 623, 113524
14386, 0, 0, 46, 46, 3, 10.49%, 0, 0, 2, 0.04, 636, 113525
14411, 0, 0, 46, 46, 3, 10.49%, 0, 0, 2, 0.04, 637, 113525
14743, 0, 0, 47, 47, 3, 10.49%, 0, 0, 2, 0.04, 650, 113525
15068, 0, 0, 48, 48, 3, 10.49%, 0, 0, 2, 0.04, 663, 113542
15413, 0, 0, 49, 49, 3, 10.49%, 0, 0, 2, 0.04, 676, 113543
15759, 0, 0, 50, 50, 3, 10.49%, 0, 0, 2, 0.04, 689, 113549
16087, 0, 0, 51, 51, 3, 10.49%, 0, 0, 2, 0.04, 702, 113549
16434, 0, 0, 52, 52, 3, 10.49%, 0, 0, 2, 0.04, 715, 113549
16459, 0, 0, 52, 52, 3, 10.49%, 0, 0, 2, 0.04, 716, 113549
16834, 0, 0, 53, 53, 3, 10.49%, 0, 0, 2, 0.04, 729, 113568
17170, 0, 0, 54, 54, 3, 10.49%, 0, 0, 2, 0.04, 742, 113568
17519, 0, 0, 55, 55, 3, 10.49%, 0, 0, 2, 0.04, 755, 113568
17877, 0, 0, 56, 56, 3, 10.49%, 0, 0, 2, 0.04, 768, 113568
17903, 0, 0, 56, 56, 3, 10.49%, 0, 0, 2, 0.04, 769, 113568
18282, 0, 0, 57, 57, 3, 10.49%, 0, 0, 2, 0.04, 782, 113568
18602, 0, 0, 58, 58, 3, 10.49%, 0, 0, 2, 0.04, 795, 113568
18878, 0, 0, 59, 59, 3, 10.49%, 0, 0, 2, 0.04, 808, 113568
18905, 0, 0, 59, 59, 3, 10.49%, 0, 0, 2, 0.04, 809, 113568
19254, 0, 0, 60, 60, 3, 10.64%, 0, 0, 2, 0.04, 822, 115158
19617, 0, 0, 61, 61, 3, 10.64%, 0, 0, 2, 0.04, 835, 115158
20018, 0, 0, 62, 62, 3, 10.64%, 0, 0, 2, 0.04, 848, 115173
20366, 0, 0, 63, 63, 3, 10.64%, 0, 0, 2, 0.04, 861, 115174
20391, 0, 0, 63, 63, 3, 10.64%, 0, 0, 2, 0.04, 862, 115174
20416, 0, 0, 63, 63, 3, 10.64%, 0, 0, 2, 0.04, 863, 115174
20828, 0, 0, 64, 64, 3, 10.64%, 0, 0, 2, 0.04, 876, 115174
21153, 0, 0, 65, 65, 3, 10.64%, 0, 0, 2, 0.04, 889, 115174
21520, 0, 0, 66, 66, 3, 10.64%, 0, 0, 2, 0.04, 902, 115175
21857, 0, 0, 67, 67, 3, 10.64%, 0, 0, 2, 0.04, 915, 115179
22285, 0, 0, 68, 68, 3, 10.64%, 0, 0, 2, 0.04, 928, 115179
22582, 0, 0, 69, 69, 3, 10.64%, 0, 0, 2, 0.04, 941, 115190
22928, 0, 0, 70, 70, 3, 10.64%, 0, 0, 2, 0.04, 954, 115197
22950, 0, 0, 70, 70, 3, 10.64%, 0, 0, 2, 0.04, 955, 115197
23284, 0, 0, 71, 71, 3, 10.66%, 0, 0, 2, 0.04, 968, 115441
23307, 0, 0, 71, 71, 3, 10.66%, 0, 0, 2, 0.04, 969, 115441
23598, 0, 0, 72, 72, 3, 10.66%, 0, 0, 2, 0.04, 982, 115441
23922, 0, 0, 73, 73, 3, 10.66%, 0, 0, 2, 0.04, 995, 115441
23945, 0, 0, 73, 73, 3, 10.66%, 0, 0, 2, 0.04, 996, 115441
23969, 0, 0, 73, 73, 3, 10.66%, 0, 0, 2, 0.04, 997, 115441
24285, 0, 0, 74, 74, 3, 10.66%, 0, 0, 2, 0.04, 1010, 115441
24585, 0, 0, 75, 75, 3, 10.70%, 0, 0, 2, 0.04, 1023, 115805
24607, 0, 0, 75, 75, 3, 10.70%, 0, 0, 2, 0.04, 1024, 115805
24995, 0, 0, 76, 76, 3, 10.70%, 0, 0, 2, 0.04, 1037, 115850
25018, 0, 0, 76, 76, 3, 10.70%, 0, 0, 2, 0.04, 1038, 115850
25041, 0, 0, 76, 76, 3, 10.70%, 0, 0, 2, 0.04, 1039, 115850
25341, 0, 0, 77, 77, 3, 10.70%, 0, 0, 2, 0.04, 1052, 115850
25363, 0, 0, 77, 77, 3, 10.70%, 0, 0, 2, 0.04, 1053, 115850
25694, 0, 0, 78, 78, 3, 10.70%, 0, 0, 2, 0.04, 1066, 115850
26003, 0, 0, 79, 79, 3, 10.71%, 0, 0, 2, 0.04, 1079, 115952
26026, 0, 0, 79, 79, 3, 10.71%, 0, 0, 2, 0.04, 1080, 115952
26325, 0, 0, 80, 80, 3, 10.71%, 0, 0, 2, 0.04, 1093, 115953
26685, 0, 0, 81, 81, 3, 10.71%, 0, 0, 2, 0.04, 1106, 115953
26713, 0, 0, 81, 81, 3, 10.71%, 0, 0, 2, 0.04, 1107, 115953
27021, 0, 0, 82, 82, 3, 10.71%, 0, 0, 2, 0.04, 1120, 115953
27335, 0, 0, 83, 83, 3, 10.71%, 0, 0, 2, 0.04, 1133, 115953
27359, 0, 0, 83, 83, 3, 10.71%, 0, 0, 2, 0.04, 1134, 115953
27669, 0, 0, 84, 84, 3, 10.71%, 0, 0, 2, 0.04, 1147, 115954
27692, 0, 0, 84, 84, 3, 10.71%, 0, 0, 2, 0.04, 1148, 115954
27714, 0, 0, 84, 84, 3, 10.71%, 0, 0, 2, 0.04, 1149, 115954
27737, 0, 0, 84, 84, 3, 10.71%, 0, 0, 2, 0.04, 1150, 115954
27758, 0, 0, 84, 84, 3, 10.71%, 0, 0, 2, 0.04, 1151, 115954
27781, 0, 0, 84, 84, 3, 10.71%, 0, 0, 2, 0.04, 1152, 115954
27807, 0, 0, 84, 84, 3, 10.71%, 0, 0, 2, 0.04, 1153, 115954
28147, 0, 0, 85, 85, 3, 10.71%, 0, 0, 2, 0.04, 1166, 115954
28170, 0, 0, 85, 85, 3, 10.71%, 0, 0, 2, 0.04, 1167, 115954
28199, 0, 0, 85, 85, 3, 10.71%, 0, 0, 2, 0.04, 1168, 115954
28222, 0, 0, 85, 85, 3, 10.71%, 0, 0, 2, 0.04, 1169, 115954
28246, 0, 0, 85, 85, 3, 10.71%, 0, 0, 2, 0.04, 1170, 115954
28269, 0, 0, 85, 85, 3, 10.71%, 0, 0, 2, 0.04, 1171, 115954
28585, 0, 0, 86, 86, 3, 10.71%, 0, 0, 2, 0.04, 1184, 115955
28607, 0, 0, 86, 86, 3, 10.71%, 0, 0, 2, 0.04, 1185, 115955
28632, 0, 0, 86, 86, 3, 10.71%, 0, 0, 2, 0.04, 1186, 115955
28657, 0, 0, 86, 86, 3, 10.71%, 0, 0, 2, 0.04, 1187, 115955
28679, 0, 0, 86, 86, 3, 10.71%, 0, 0, 2, 0.04, 1188, 115955
28703, 0, 0, 86, 86, 3, 10.71%, 0, 0, 2, 0.04, 1189, 115955
28969, 0, 0, 87, 87, 3, 10.75%, 0, 0, 2, 0.04, 1202, 116389
28992, 0, 0, 87, 87, 3, 10.75%, 0, 0, 2, 0.04, 1203, 116389
29015, 0, 0, 87, 87, 3, 10.75%, 0, 0, 2, 0.04, 1204, 116389
29041, 0, 0, 87, 87, 3, 10.75%, 0, 0, 2, 0.04, 1205, 116389
29497, 0, 0, 88, 88, 3, 10.75%, 0, 0, 2, 0.04, 1218, 116389
29520, 0, 0, 88, 88, 3, 10.75%, 0, 0, 2, 0.04, 1219, 116389
29546, 0, 0, 88, 88, 3, 10.75%, 0, 0, 2, 0.04, 1220, 116389
29568, 0, 0, 88, 88, 3, 10.75%, 0, 0, 2, 0.04, 1221, 116389
29591, 0, 0, 88, 88, 3, 10.75%, 0, 0, 2, 0.04, 1222, 116389
29615, 0, 0, 88, 88, 3, 10.75%, 0, 0, 2, 0.04, 1223, 116389
29641, 0, 0, 88, 88, 3, 10.75%, 0, 0, 2, 0.04, 1224, 116389
29666, 0, 0, 88, 88, 3, 10.75%, 0, 0, 2, 0.04, 1225, 116389
29690, 0, 0, 88, 88, 3, 10.75%, 0, 0, 2, 0.04, 1226, 116389
29713, 0, 0, 88, 88, 3, 10.75%, 0, 0, 2, 0.04, 1227, 116389
29733, 0, 0, 88, 88, 3, 10.75%, 0, 0, 2, 0.04, 1228, 116389
30085, 0, 0, 89, 89, 3, 10.75%, 0, 0, 2, 0.04, 1241, 116392
30109, 0, 0, 89, 89, 3, 10.75%, 0, 0, 2, 0.04, 1242, 116392
30132, 0, 0, 89, 89, 3, 10.75%, 0, 0, 2, 0.04, 1243, 116392
30155, 0, 0, 89, 89, 3, 10.75%, 0, 0, 2, 0.04, 1244, 116392
30178, 0, 0, 89, 89, 3, 10.75%, 0, 0, 2, 0.04, 1245, 116392
30201, 0, 0, 89, 89, 3, 10.75%, 0, 0, 2, 0.04, 1246, 116392
30225, 0, 0, 89, 89, 3, 10.75%, 0, 0, 2, 0.04, 1247, 116392
30249, 0, 0, 89, 89, 3, 10.75%, 0, 0, 2, 0.04, 1248, 116392
30686, 0, 0, 90, 90, 3, 10.75%, 0, 0, 2, 0.04, 1261, 116393
30709, 0, 0, 90, 90, 3, 10.75%, 0, 0, 2, 0.04, 1262, 116393
31014, 0, 0, 91, 91, 3, 10.75%, 0, 0, 2, 0.04, 1275, 116393
31038, 0, 0, 91, 91, 3, 10.75%, 0, 0, 2, 0.04, 1276, 116393
31061, 0, 0, 91, 91, 3, 10.75%, 0, 0, 2, 0.04, 1277, 116393
31084, 0, 0, 91, 91, 3, 10.75%, 0, 0, 2, 0.04, 1278, 116393
31108, 0, 0, 91, 91, 3, 10.75%, 0, 0, 2, 0.04, 1279, 116393
31132, 0, 0, 91, 91, 3, 10.75%, 0, 0, 2, 0.04, 1280, 116393
31157, 0, 0, 91, 91, 3, 10.75%, 0, 0, 2, 0.04, 1281, 116393
31180, 0, 0, 91, 91, 3, 10.75%, 0, 0, 2, 0.04, 1282, 116393
31489, 0, 0, 92, 92, 3, 10.75%, 0, 0, 2, 0.04, 1295, 116404
31514, 0, 0, 92, 92, 3, 10.75%, 0, 0, 2, 0.04, 1296, 116404
31542, 0, 0, 92, 92, 3, 10.75%, 0, 0, 2, 0.04, 1297, 116404
31565, 0, 0, 92, 92, 3, 10.75%, 0, 0, 2, 0.04, 1298, 116404
31870, 0, 0, 93, 93, 3, 10.82%, 0, 0, 2, 0.04, 1311, 117112
31894, 0, 0, 93, 93, 3, 10.82%, 0, 0, 2, 0.04, 1312, 117112
31915, 0, 0, 93, 93, 3, 10.82%, 0, 0, 2, 0.04, 1313, 117112
31938, 0, 0, 93, 93, 3, 10.82%, 0, 0, 2, 0.04, 1314, 117112
31963, 0, 0, 93, 93, 3, 10.82%, 0, 0, 2, 0.04, 1315, 117112
31986, 0, 0, 93, 93, 3, 10.82%, 0, 0, 2, 0.04, 1316, 117112
32333, 0, 0, 94, 94, 3, 10.82%, 0, 0, 2, 0.04, 1329, 117112
32641, 0, 0, 95, 95, 3, 10.82%, 0, 0, 2, 0.04, 1342, 117112
32665, 0, 0, 95, 95, 3, 10.82%, 0, 0, 2, 0.04, 1343, 117112
32689, 0, 0, 95, 95, 3, 10.82%, 0, 0, 2, 0.04, 1344, 117112
32712, 0, 0, 95, 95, 3, 10.82%, 0, 0, 2, 0.04, 1345, 117112
33146, 0, 0, 96, 96, 3, 10.82%, 0, 0, 2, 0.04, 1358, 117112
33573, 0, 0, 97, 97, 3, 10.82%, 0, 0, 2, 0.04, 1371, 117112
33886, 0, 0, 98, 98, 3, 10.83%, 0, 0, 2, 0.04, 1384, 117206
33910, 0, 0, 98, 98, 3, 10.83%, 0, 0, 2, 0.04, 1385, 117206
33934, 0, 0, 98, 98, 3, 10.83%, 0, 0, 2, 0.04, 1386, 117206
33958, 0, 0, 98, 98, 3, 10.83%, 0, 0, 2, 0.04, 1387, 117206
33985, 0, 0, 98, 98, 3, 10.83%, 0, 0, 2, 0.04, 1388, 117206
34009, 0, 0, 98, 98, 3, 10.83%, 0, 0, 2, 0.04, 1389, 117206
34360, 0, 0, 99, 99, 3, 10.83%, 0, 0, 2, 0.04, 1402, 117213
34788, 0, 0, 100, 100, 3, 10.83%, 0, 0, 2, 0.04, 1415, 117219
34812, 0, 0, 100, 100, 3, 10.83%, 0, 0, 2, 0.04, 1416, 117219
34833, 0, 0, 100, 100, 3, 10.83%, 0, 0, 2, 0.04, 1417, 117219
34859, 0, 0, 100, 100, 3, 10.83%, 0, 0, 2, 0.04, 1418, 117219
34883, 0, 0, 100, 100, 3, 10.83%, 0, 0, 2, 0.04, 1419, 117219
34907, 0, 0, 100, 100, 3, 10.83%, 0, 0, 2, 0.04, 1420, 117219
34930, 0, 0, 100, 100, 3, 10.83%, 0, 0, 2, 0.04, 1421, 117219
34955, 0, 0, 100, 100, 3, 10.83%, 0, 0, 2, 0.04, 1422, 117219
34979, 0, 0, 100, 100, 3, 10.83%, 0, 0, 2, 0.04, 1423, 117219
35004, 0, 0, 100, 100, 3, 10.83%, 0, 0, 2, 0.04, 1424, 117219
35348, 0, 0, 101, 101, 3, 10.83%, 0, 0, 2, 0.04, 1437, 117219
35370, 0, 0, 101, 101, 3, 10.83%, 0, 0, 2, 0.04, 1438, 117219
35393, 0, 0, 101, 101, 3, 10.83%, 0, 0, 2, 0.04, 1439, 117219
35419, 0, 0, 101, 101, 3, 10.83%, 0, 0, 2, 0.04, 1440, 117219
35448, 0, 0, 101, 101, 3, 10.83%, 0, 0, 2, 0.04, 1441, 117219
35474, 0, 0, 101, 101, 3, 10.83%, 0, 0, 2, 0.04, 1442, 117219
35789, 0, 0, 102, 102, 3, 10.83%, 0, 0, 2, 0.04, 1455, 117219
36120, 0, 0, 103, 103, 3, 10.84%, 0, 0, 2, 0.04, 1468, 117396
36146, 0, 0, 103, 103, 3, 10.84%, 0, 0, 2, 0.04, 1469, 117396
36171, 0, 0, 103, 103, 3, 10.84%, 0, 0, 2, 0.04, 1470, 117396
36197, 0, 0, 103, 103, 3, 10.84%, 0, 0, 2, 0.04, 1471, 117396
36221, 0, 0, 103, 103, 3, 10.84%, 0, 0, 2, 0.04, 1472, 117396
36245, 0, 0, 103, 103, 3, 10.84%, 0, 0, 2, 0.04, 1473, 117396
36597, 0, 0, 104, 104, 3, 10.84%, 0, 0, 2, 0.04, 1486, 117396
36619, 0, 0, 104, 104, 3, 10.84%, 0, 0, 2, 0.04, 1487, 117396
36645, 0, 0, 104, 104, 3, 10.84%, 0, 0, 2, 0.04, 1488, 117396
36670, 0, 0, 104, 104, 3, 10.84%, 0, 0, 2, 0.04, 1489, 117396
36693, 0, 0, 104, 104, 3, 10.84%, 0, 0, 2, 0.04, 1490, 117396
36717, 0, 0, 104, 104, 3, 10.84%, 0, 0, 2, 0.04, 1491, 117396
36743, 0, 0, 104, 104, 3, 10.84%, 0, 0, 2, 0.04, 1492, 117396
36767, 0, 0, 104, 104, 3, 10.84%, 0, 0, 2, 0.04, 1493, 117396
36791, 0, 0, 104, 104, 3, 10.84%, 0, 0, 2, 0.04, 1494, 117396
36815, 0, 0, 104, 104, 3, 10.84%, 0, 0, 2, 0.04, 1495, 117396
36841, 0, 0, 104, 104, 3, 10.84%, 0, 0, 2, 0.04, 1496, 117396
36866, 0, 0, 104, 104, 3, 10.84%, 0, 0, 2, 0.04, 1497, 117396
37162, 0, 0, 105, 105, 3, 10.84%, 0, 0, 2, 0.04, 1510, 117396
37187, 0, 0, 105, 105, 3, 10.84%, 0, 0, 2, 0.04, 1511, 117396
37211, 0, 0, 105, 105, 3, 10.84%, 0, 0, 2, 0.04, 1512, 117396
37237, 0, 0, 105, 105, 3, 10.84%, 0, 0, 2, 0.04, 1513, 117396
37261, 0, 0, 105, 105, 3, 10.84%, 0, 0, 2, 0.04, 1514, 117396
37284, 0, 0, 105, 105, 3, 10.84%, 0, 0, 2, 0.04, 1515, 117396
37615, 0, 0, 106, 106, 3, 10.85%, 0, 0, 2, 0.04, 1528, 117404
37640, 0, 0, 106, 106, 3, 10.85%, 0, 0, 2, 0.04, 1529, 117404
37667, 0, 0, 106, 106, 3, 10.85%, 0, 0, 2, 0.04, 1530, 117404
37691, 0, 0, 106, 106, 3, 10.85%, 0, 0, 2, 0.04, 1531, 117404
37717, 0, 0, 106, 106, 3, 10.85%, 0, 0, 2, 0.04, 1532, 117404
37742, 0, 0, 106, 106, 3, 10.85%, 0, 0, 2, 0.04, 1533, 117404
37770, 0, 0, 106, 106, 3, 10.85%, 0, 0, 2, 0.04, 1534, 117404
37797, 0, 0, 106, 106, 3, 10.85%, 0, 0, 2, 0.04, 1535, 117404
37822, 0, 0, 106, 106, 3, 10.85%, 0, 0, 2, 0.04, 1536, 117404
37847, 0, 0, 106, 106, 3, 10.85%, 0, 0, 2, 0.04, 1537, 117404
37871, 0, 0, 106, 106, 3, 10.85%, 0, 0, 2, 0.04, 1538, 117404
37903, 0, 0, 106, 106, 3, 10.85%, 0, 0, 2, 0.04, 1539, 117404
37930, 0, 0, 106, 106, 3, 10.85%, 0, 0, 2, 0.04, 1540, 117404
38247, 0, 0, 107, 107, 3, 10.85%, 0, 0, 2, 0.04, 1553, 117404
38567, 0, 0, 108, 108, 3, 10.85%, 0, 0, 2, 0.04, 1566, 117415
38599, 0, 0, 108, 108, 3, 10.85%, 0, 0, 2, 0.04, 1567, 117415
38630, 0, 0, 108, 108, 3, 10.85%, 0, 0, 2, 0.04, 1568, 117415
38655, 0, 0, 108, 108, 3, 10.85%, 0, 0, 2, 0.04, 1569, 117415
38681, 0, 0, 108, 108, 3, 10.85%, 0, 0, 2, 0.04, 1570, 117415
39045, 0, 0, 109, 109, 3, 10.85%, 0, 0, 2, 0.04, 1583, 117415
39069, 0, 0, 109, 109, 3, 10.85%, 0, 0, 2, 0.04, 1584, 117415
39094, 0, 0, 109, 109, 3, 10.85%, 0, 0, 2, 0.04, 1585, 117415
39425, 0, 0, 110, 110, 3, 10.85%, 0, 0, 2, 0.04, 1598, 117417
39454, 0, 0, 110, 110, 3, 10.85%, 0, 0, 2, 0.04, 1599, 117417
39819, 0, 0, 111, 111, 3, 10.85%, 0, 0, 2, 0.04, 1612, 117417
40211, 0, 0, 112, 112, 3, 10.85%, 0, 0, 2, 0.04, 1625, 117417
40237, 0, 0, 112, 112, 3, 10.85%, 0, 0, 2, 0.04, 1626, 117417
40561, 0, 0, 113, 113, 3, 10.85%, 0, 0, 2, 0.04, 1639, 117494
40586, 0, 0, 113, 113, 3, 10.85%, 0, 0, 2, 0.04, 1640, 117494
40615, 0, 0, 113, 113, 3, 10.85%, 0, 0, 2, 0.04, 1641, 117494
40639, 0, 0, 113, 113, 3, 10.85%, 0, 0, 2, 0.04, 1642, 117494
40665, 0, 0, 113, 113, 3, 10.85%, 0, 0, 2, 0.04, 1643, 117494
40987, 0, 0, 114, 114, 3, 10.85%, 0, 0, 2, 0.04, 1656, 117502
41339, 0, 0, 115, 115, 3, 10.86%, 0, 0, 2, 0.04, 1669, 117519
41362, 0, 0, 115, 115, 3, 10.86%, 0, 0, 2, 0.04, 1670, 117519
42265, 0, 0, 116, 116, 3, 10.86%, 0, 0, 2, 0.04, 1683, 117575
42290, 0, 0, 116, 116, 3, 10.86%, 0, 0, 2, 0.04, 1684, 117575
42315, 0, 0, 116, 116, 3, 10.86%, 0, 0, 2, 0.04, 1685, 117575
42639, 0, 0, 117, 117, 3, 10.86%, 0, 0, 2, 0.04, 1698, 117590
42666, 0, 0, 117, 117, 3, 10.86%, 0, 0, 2, 0.04, 1699, 117590
42692, 0, 0, 117, 117, 3, 10.86%, 0, 0, 2, 0.04, 1700, 117590
42716, 0, 0, 117, 117, 3, 10.86%, 0, 0, 2, 0.04, 1701, 117590
43114, 0, 0, 118, 118, 3, 10.86%, 0, 0, 2, 0.04, 1714, 117590
43140, 0, 0, 118, 118, 3, 10.86%, 0, 0, 2, 0.04, 1715, 117590
43606, 0, 0, 119, 119, 3, 10.88%, 0, 0, 2, 0.04, 1728, 117779
43631, 0, 0, 119, 119, 3, 10.88%, 0, 0, 2, 0.04, 1729, 117779
43658, 0, 0, 119, 119, 3, 10.88%, 0, 0, 2, 0.04, 1730, 117779
43988, 0, 0, 120, 120, 3, 10.88%, 0, 0, 2, 0.04, 1743, 117779
44015, 0, 0, 120, 120, 3, 10.88%, 0, 0, 2, 0.04, 1744, 117779
44438, 0, 0, 121, 121, 3, 10.88%, 0, 0, 2, 0.04, 1757, 117794
44464, 0, 0, 121, 121, 3, 10.88%, 0, 0, 2, 0.04, 1758, 117794
44490, 0, 0, 121, 121, 3, 10.88%, 0, 0, 2, 0.04, 1759, 117794
44516, 0, 0, 121, 121, 3, 10.88%, 0, 0, 2, 0.04, 1760, 117794
44542, 0, 0, 121, 121, 3, 10.88%, 0, 0, 2, 0.04, 1761, 117794
44574, 0, 0, 121, 121, 3, 10.88%, 0, 0, 2, 0.04, 1762, 117794
44904, 0, 0, 122, 122, 3, 10.88%, 0, 0, 2, 0.04, 1775, 117794
44930, 0, 0, 122, 122, 3, 10.88%, 0, 0, 2, 0.04, 1776, 117794
44955, 0, 0, 122, 122, 3, 10.88%, 0, 0, 2, 0.04, 1777, 117794
44979, 0, 0, 122, 122, 3, 10.88%, 0, 0, 2, 0.04, 1778, 117794
45006, 0, 0, 122, 122, 3, 10.88%, 0, 0, 2, 0.04, 1779, 117794
45032, 0, 0, 122, 122, 3, 10.88%, 0, 0, 2, 0.04, 1780, 117794
45368, 0, 0, 123, 123, 3, 10.88%, 0, 0, 2, 0.04, 1793, 117794
45791, 0, 0, 124, 124, 3, 10.91%, 0, 0, 2, 0.04, 1806, 118052
46190, 0, 0, 125, 125, 3, 10.91%, 0, 0, 2, 0.04, 1819, 118064
46220, 0, 0, 125, 125, 3, 10.91%, 0, 0, 2, 0.04, 1820, 118064
46249, 0, 0, 125, 125, 3, 10.91%, 0, 0, 2, 0.04, 1821, 118064
46279, 0, 0, 125, 125, 3, 10.91%, 0, 0, 2, 0.04, 1822, 118064
46309, 0, 0, 125, 125, 3, 10.91%, 0, 0, 2, 0.04, 1823, 118064
46344, 0, 0, 125, 125, 3, 10.91%, 0, 0, 2, 0.04, 1824, 118064
46373, 0, 0, 125, 125, 3, 10.91%, 0, 0, 2, 0.04, 1825, 118064
46404, 0, 0, 125, 125, 3, 10.91%, 0, 0, 2, 0.04, 1826, 118064
46436, 0, 0, 125, 125, 3, 10.91%, 0, 0, 2, 0.04, 1827, 118064
46467, 0, 0, 125, 125, 3, 10.91%, 0, 0, 2, 0.03, 1828, 118064
46853, 0, 0, 126, 126, 3, 10.91%, 0, 0, 2, 0.03, 1841, 118065
46883, 0, 0, 126, 126, 3, 10.91%, 0, 0, 2, 0.03, 1842, 118065
46912, 0, 0, 126, 126, 3, 10.91%, 0, 0, 2, 0.03, 1843, 118065
46943, 0, 0, 126, 126, 3, 10.91%, 0, 0, 2, 0.03, 1844, 118065
46972, 0, 0, 126, 126, 3, 10.91%, 0, 0, 2, 0.03, 1845, 118065
47002, 0, 0, 126, 126, 3, 10.91%, 0, 0, 2, 0.03, 1846, 118065
47035, 0, 0, 126, 126, 3, 10.91%, 0, 0, 2, 0.03, 1847, 118065
47488, 0, 0, 127, 127, 3, 10.91%, 0, 0, 2, 0.03, 1860, 118082
47871, 0, 0, 128, 128, 3, 10.91%, 0, 0, 2, 0.03, 1873, 118082
47900, 0, 0, 128, 128, 3, 10.91%, 0, 0, 2, 0.03, 1874, 118082
47930, 0, 0, 128, 128, 3, 10.91%, 0, 0, 2, 0.03, 1875, 118082
47961, 0, 0, 128, 128, 3, 10.91%, 0, 0, 2, 0.03, 1876, 118082
48368, 0, 0, 129, 129, 3, 10.91%, 0, 0, 2, 0.03, 1889, 118085
48798, 0, 0, 130, 130, 3, 10.91%, 0, 0, 2, 0.03, 1902, 118087
48828, 0, 0, 130, 130, 3, 10.91%, 0, 0, 2, 0.03, 1903, 118087
48859, 0, 0, 130, 130, 3, 10.91%, 0, 0, 2, 0.03, 1904, 118087
48896, 0, 0, 130, 130, 3, 10.91%, 0, 0, 2, 0.03, 1905, 118087
48926, 0, 0, 130, 130, 3, 10.91%, 0, 0, 2, 0.03, 1906, 118087
48956, 0, 0, 130, 130, 3, 10.91%, 0, 0, 2, 0.03, 1907, 118087
48986, 0, 0, 130, 130, 3, 10.91%, 0, 0, 2, 0.03, 1908, 118087
49580, 0, 0, 131, 131, 3, 10.91%, 0, 0, 2, 0.03, 1921, 118087
49610, 0, 0, 131, 131, 3, 10.91%, 0, 0, 2, 0.03, 1922, 118087
49639, 0, 0, 131, 131, 3, 10.91%, 0, 0, 2, 0.03, 1923, 118087
49666, 0, 0, 131, 131, 3, 10.91%, 0, 0, 2, 0.03, 1924, 118087
50343, 0, 0, 132, 132, 3, 11.38%, 0, 0, 2, 0.03, 1937, 123232
50369, 0, 0, 132, 132, 3, 11.38%, 0, 0, 2, 0.03, 1938, 123232
50397, 0, 0, 132, 132, 3, 11.38%, 0, 0, 2, 0.03, 1939, 123232
50424, 0, 0, 132, 132, 3, 11.38%, 0, 0, 2, 0.03, 1940, 123232
50458, 0, 0, 132, 132, 3, 11.38%, 0, 0, 2, 0.03, 1941, 123232
50486, 0, 0, 132, 132, 3, 11.38%, 0, 0, 2, 0.03, 1942, 123232
50514, 0, 0, 132, 132, 3, 11.38%, 0, 0, 2, 0.03, 1943, 123232
50544, 0, 0, 132, 132, 3, 11.38%, 0, 0, 2, 0.03, 1944, 123232
50568, 0, 0, 132, 132, 3, 11.38%, 0, 0, 2, 0.03, 1945, 123232
50596, 0, 0, 132, 132, 3, 11.38%, 0, 0, 2, 0.03, 1946, 123232
50624, 0, 0, 132, 132, 3, 11.38%, 0, 0, 2, 0.03, 1947, 123232
50652, 0, 0, 132, 132, 3, 11.38%, 0, 0, 2, 0.03, 1948, 123232
50679, 0, 0, 132, 132, 3, 11.38%, 0, 0, 2, 0.03, 1949, 123232
50706, 0, 0, 132, 132, 3, 11.38%, 0, 0, 2, 0.03, 1950, 123232
50733, 0, 0, 132, 132, 3, 11.38%, 0, 0, 2, 0.03, 1951, 123232
50760, 0, 0, 132, 132, 3, 11.38%, 0, 0, 2, 0.03, 1952, 123232
50789, 0, 0, 132, 132, 3, 11.38%, 0, 0, 2, 0.03, 1953, 123232
50816, 0, 0, 132, 132, 3, 11.38%, 0, 0, 2, 0.03, 1954, 123232
50845, 0, 0, 132, 132, 3, 11.38%, 0, 0, 2, 0.03, 1955, 123232
51228, 0, 0, 133, 133, 3, 11.38%, 0, 0, 2, 0.03, 1968, 123238
51255, 0, 0, 133, 133, 3, 11.38%, 0, 0, 2, 0.03, 1969, 123238
51614, 0, 0, 134, 134, 3, 11.38%, 0, 0, 2, 0.03, 1982, 123238
51981, 0, 0, 135, 135, 3, 11.42%, 0, 0, 2, 0.03, 1995, 123590
52009, 0, 0, 135, 135, 3, 11.42%, 0, 0, 2, 0.03, 1996, 123590
52039, 0, 0, 135, 135, 3, 11.42%, 0, 0, 2, 0.03, 1997, 123590
52394, 0, 0, 136, 136, 3, 11.42%, 0, 0, 2, 0.03, 2010, 123600
52421, 0, 0, 136, 136, 3, 11.42%, 0, 0, 2, 0.04, 2011, 123600
52449, 0, 0, 136, 136, 3, 11.42%, 0, 0, 2, 0.04, 2012, 123600
52473, 0, 0, 136, 136, 3, 11.42%, 0, 0, 2, 0.04, 2013, 123600
52857, 0, 0, 137, 137, 3, 11.42%, 0, 0, 2, 0.04, 2026, 123600
52885, 0, 0, 137, 137, 3, 11.42%, 0, 0, 2, 0.04, 2027, 123600
52915, 0, 0, 137, 137, 3, 11.42%, 0, 0, 2, 0.04, 2028, 123600
52939, 0, 0, 137, 137, 3, 11.42%, 0, 0, 2, 0.04, 2029, 123600
52966, 0, 0, 137, 137, 3, 11.42%, 0, 0, 2, 0.04, 2030, 123600
52994, 0, 0, 137, 137, 3, 11.42%, 0, 0, 2, 0.04, 2031, 123600
53022, 0, 0, 137, 137, 3, 11.42%, 0, 0, 2, 0.04, 2032, 123600
53052, 0, 0, 137, 137, 3, 11.42%, 0, 0, 2, 0.04, 2033, 123600
53078, 0, 0, 137, 137, 3, 11.42%, 0, 0, 2, 0.04, 2034, 123600
53105, 0, 0, 137, 137, 3, 11.42%, 0, 0, 2, 0.04, 2035, 123600
53133, 0, 0, 137, 137, 3, 11.42%, 0, 0, 2, 0.04, 2036, 123600
53160, 0, 0, 137, 137, 3, 11.42%, 0, 0, 2, 0.04, 2037, 123600
53188, 0, 0, 137, 137, 3, 11.42%, 0, 0, 2, 0.04, 2038, 123600
53217, 0, 0, 137, 137, 3, 11.42%, 0, 0, 2, 0.04, 2039, 123600
53246, 0, 0, 137, 137, 3, 11.42%, 0, 0, 2, 0.04, 2040, 123600
53275, 0, 0, 137, 137, 3, 11.42%, 0, 0, 2, 0.04, 2041, 123600
53306, 0, 0, 137, 137, 3, 11.42%, 0, 0, 2, 0.04, 2042, 123600
53339, 0, 0, 137, 137, 3, 11.42%, 0, 0, 2, 0.04, 2043, 123600
53374, 0, 0, 137, 137, 3, 11.42%, 0, 0, 2, 0.03, 2044, 123600
53401, 0, 0, 137, 137, 3, 11.42%, 0, 0, 2, 0.03, 2045, 123600
53429, 0, 0, 137, 137, 3, 11.42%, 0, 0, 2, 0.03, 2046, 123600
53909, 0, 0, 138, 138, 3, 11.42%, 0, 0, 2, 0.03, 2059, 123655
53937, 0, 0, 138, 138, 3, 11.42%, 0, 0, 2, 0.03, 2060, 123655
53966, 0, 0, 138, 138, 3, 11.42%, 0, 0, 2, 0.03, 2061, 123655
53991, 0, 0, 138, 138, 3, 11.42%, 0, 0, 2, 0.03, 2062, 123655
54016, 0, 0, 138, 138, 3, 11.42%, 0, 0, 2, 0.04, 2063, 123655
54043, 0, 0, 138, 138, 3, 11.42%, 0, 0, 2, 0.04, 2064, 123655
54078, 0, 0, 138, 138, 3, 11.42%, 0, 0, 2, 0.03, 2065, 123655
54104, 0, 0, 138, 138, 3, 11.42%, 0, 0, 2, 0.04, 2066, 123655
54129, 0, 0, 138, 138, 3, 11.42%, 0, 0, 2, 0.04, 2067, 123655
54155, 0, 0, 138, 138, 3, 11.42%, 0, 0, 2, 0.04, 2068, 123655
54180, 0, 0, 138, 138, 3, 11.42%, 0, 0, 2, 0.04, 2069, 123655
54207, 0, 0, 138, 138, 3, 11.42%, 0, 0, 2, 0.04, 2070, 123655
54235, 0, 0, 138, 138, 3, 11.42%, 0, 0, 2, 0.04, 2071, 123655
54598, 0, 0, 139, 139, 3, 11.42%, 0, 0, 2, 0.04, 2084, 123675
54624, 0, 0, 139, 139, 3, 11.42%, 0, 0, 2, 0.04, 2085, 123675
54946, 0, 0, 140, 140, 3, 11.42%, 0, 0, 2, 0.04, 2098, 123675
54972, 0, 0, 140, 140, 3, 11.42%, 0, 0, 2, 0.04, 2099, 123675
54998, 0, 0, 140, 140, 3, 11.42%, 0, 0, 2, 0.04, 2100, 123675
55023, 0, 0, 140, 140, 3, 11.42%, 0, 0, 2, 0.04, 2101, 123675
55049, 0, 0, 140, 140, 3, 11.42%, 0, 0, 2, 0.04, 2102, 123675
55076, 0, 0, 140, 140, 3, 11.42%, 0, 0, 2, 0.04, 2103, 123675
55102, 0, 0, 140, 140, 3, 11.42%, 0, 0, 2, 0.04, 2104, 123675
55202, 0, 0, 140, 140, 3, 11.42%, 0, 1, 2, 0.04, 2105, 123675
55226, 0, 0, 140, 140, 3, 11.42%, 0, 1, 2, 0.04, 2106, 123675
55249, 0, 0, 140, 140, 3, 11.42%, 0, 1, 2, 0.04, 2107, 123675
55275, 0, 0, 140, 140, 3, 11.42%, 0, 1, 2, 0.04, 2108, 123675
55615, 0, 0, 141, 141, 3, 11.42%, 0, 1, 2, 0.04, 2121, 123675
55636, 0, 0, 141, 141, 3, 11.42%, 0, 1, 2, 0.04, 2122, 123675
55658, 0, 0, 141, 141, 3, 11.42%, 0, 1, 2, 0.04, 2123, 123675
55682, 0, 0, 141, 141, 3, 11.42%, 0, 1, 2, 0.04, 2124, 123675
55711, 0, 0, 141, 141, 3, 11.42%, 0, 1, 2, 0.04, 2125, 123675
55733, 0, 0, 141, 141, 3, 11.42%, 0, 1, 2, 0.04, 2126, 123675
55752, 0, 0, 141, 141, 3, 11.42%, 0, 1, 2, 0.04, 2127, 123675
55775, 0, 0, 141, 141, 3, 11.42%, 0, 1, 2, 0.04, 2128, 123675
56125, 0, 0, 142, 142, 3, 11.43%, 0, 1, 2, 0.04, 2141, 123705
56148, 0, 0, 142, 142, 3, 11.43%, 0, 1, 2, 0.04, 2142, 123705
56172, 0, 0, 142, 142, 3, 11.43%, 0, 1, 2, 0.04, 2143, 123705
56195, 0, 0, 142, 142, 3, 11.43%, 0, 1, 2, 0.04, 2144, 123705
56218, 0, 0, 142, 142, 3, 11.43%, 0, 1, 2, 0.04, 2145, 123705
56244, 0, 0, 142, 142, 3, 11.43%, 0, 1, 2, 0.04, 2146, 123705
56268, 0, 0, 142, 142, 3, 11.43%, 0, 1, 2, 0.04, 2147, 123705
56291, 0, 0, 142, 142, 3, 11.43%, 0, 1, 2, 0.04, 2148, 123705
56315, 0, 0, 142, 142, 3, 11.43%, 0, 1, 2, 0.04, 2149, 123705
56339, 0, 0, 142, 142, 3, 11.43%, 0, 1, 2, 0.04, 2150, 123705
56363, 0, 0, 142, 142, 3, 11.43%, 0, 1, 2, 0.04, 2151, 123705
56386, 0, 0, 142, 142, 3, 11.43%, 0, 1, 2, 0.04, 2152, 123705
56409, 0, 0, 142, 142, 3, 11.43%, 0, 1, 2, 0.04, 2153, 123705
56434, 0, 0, 142, 142, 3, 11.43%, 0, 1, 2, 0.04, 2154, 123705
56457, 0, 0, 142, 142, 3, 11.43%, 0, 1, 2, 0.04, 2155, 123705
56487, 0, 0, 142, 142, 3, 11.43%, 0, 1, 2, 0.04, 2156, 123705
56510, 0, 0, 142, 142, 3, 11.43%, 0, 1, 2, 0.04, 2157, 123705
56532, 0, 0, 142, 142, 3, 11.43%, 0, 1, 2, 0.04, 2158, 123705
56555, 0, 0, 142, 142, 3, 11.43%, 0, 1, 2, 0.04, 2159, 123705
56578, 0, 0, 142, 142, 3, 11.43%, 0, 1, 2, 0.04, 2160, 123705
56601, 0, 0, 142, 142, 3, 11.43%, 0, 1, 2, 0.04, 2161, 123705
56626, 0, 0, 142, 142, 3, 11.43%, 0, 1, 2, 0.04, 2162, 123705
56649, 0, 0, 142, 142, 3, 11.43%, 0, 1, 2, 0.04, 2163, 123705
56982, 0, 0, 143, 143, 3, 11.43%, 0, 1, 2, 0.04, 2176, 123709
57008, 0, 0, 143, 143, 3, 11.43%, 0, 1, 2, 0.04, 2177, 123709
57381, 0, 0, 144, 144, 3, 11.43%, 0, 1, 2, 0.04, 2190, 123709
57403, 0, 0, 144, 144, 3, 11.43%, 0, 1, 2, 0.04, 2191, 123709
57426, 0, 0, 144, 144, 3, 11.43%, 0, 1, 2, 0.04, 2192, 123709
57457, 0, 0, 144, 144, 3, 11.43%, 0, 1, 2, 0.04, 2193, 123709
57481, 0, 0, 144, 144, 3, 11.43%, 0, 1, 2, 0.04, 2194, 123709
57506, 0, 0, 144, 144, 3, 11.43%, 0, 1, 2, 0.04, 2195, 123709
57787, 0, 0, 145, 145, 3, 11.43%, 0, 1, 2, 0.04, 2208, 123709
57813, 0, 0, 145, 145, 3, 11.43%, 0, 1, 2, 0.04, 2209, 123709
57837, 0, 0, 145, 145, 3, 11.43%, 0, 1, 2, 0.04, 2210, 123709
57860, 0, 0, 145, 145, 3, 11.43%, 0, 1, 2, 0.04, 2211, 123709
57883, 0, 0, 145, 145, 3, 11.43%, 0, 1, 2, 0.04, 2212, 123709
57907, 0, 0, 145, 145, 3, 11.43%, 0, 1, 2, 0.04, 2213, 123709
57929, 0, 0, 145, 145, 3, 11.43%, 0, 1, 2, 0.04, 2214, 123709
57961, 0, 0, 145, 145, 3, 11.43%, 0, 1, 2, 0.04, 2215, 123709
57986, 0, 0, 145, 145, 3, 11.43%, 0, 1, 2, 0.04, 2216, 123709
58294, 0, 0, 146, 146, 3, 11.43%, 0, 1, 2, 0.04, 2229, 123715
58316, 0, 0, 146, 146, 3, 11.43%, 0, 1, 2, 0.04, 2230, 123715
58340, 0, 0, 146, 146, 3, 11.43%, 0, 1, 2, 0.04, 2231, 123715
58364, 0, 0, 146, 146, 3, 11.43%, 0, 1, 2, 0.04, 2232, 123715
58396, 0, 0, 146, 146, 3, 11.43%, 0, 1, 2, 0.04, 2233, 123715
58420, 0, 0, 146, 146, 3, 11.43%, 0, 1, 2, 0.04, 2234, 123715
58445, 0, 0, 146, 146, 3, 11.43%, 0, 1, 2, 0.04, 2235, 123715
58611, 0, 0, 147, 147, 3, 11.43%, 0, 1, 2, 0.04, 2238, 123715
58711, 0, 0, 147, 147, 3, 11.43%, 0, 2, 2, 0.04, 2239, 123715
58811, 0, 0, 147, 147, 3, 11.43%, 0, 3, 2, 0.04, 2240, 123715
58897, 0, 0, 147, 147, 3, 11.43%, 0, 3, 2, 0.00, 2240, 123715
