# relative_time, cycles_done, cur_item, corpus_count, pending_total, pending_favs, map_size, saved_crashes, saved_hangs, max_depth, execs_per_sec, total_execs, edges_found
107, 0, 0, 1, 1, 1, 11.26%, 0, 0, 1, 0.02, 14, 121859
155, 0, 0, 1, 1, 1, 11.26%, 0, 0, 1, 0.02, 15, 121859
197, 0, 0, 1, 1, 1, 11.26%, 0, 0, 1, 0.02, 16, 121859
241, 0, 0, 1, 1, 1, 11.26%, 0, 0, 1, 0.02, 17, 121859
281, 0, 0, 1, 1, 1, 11.26%, 0, 0, 1, 0.02, 18, 121859
331, 0, 0, 1, 1, 1, 11.26%, 0, 0, 1, 0.02, 19, 121859
371, 0, 0, 1, 1, 1, 11.26%, 0, 0, 1, 0.02, 20, 121859
423, 0, 0, 1, 1, 1, 11.26%, 0, 0, 1, 0.02, 21, 121859
463, 0, 0, 1, 1, 1, 11.26%, 0, 0, 1, 0.02, 22, 121859
507, 0, 0, 1, 1, 1, 11.26%, 0, 0, 1, 0.02, 23, 121859
551, 0, 0, 1, 1, 1, 11.26%, 0, 0, 1, 0.02, 24, 121859
591, 0, 0, 1, 1, 1, 11.26%, 0, 0, 1, 0.02, 25, 121859
631, 0, 0, 1, 1, 1, 11.26%, 0, 0, 1, 0.02, 26, 121859
669, 0, 0, 1, 1, 1, 11.26%, 0, 0, 1, 0.02, 27, 121859
707, 0, 0, 1, 1, 1, 11.26%, 0, 0, 1, 0.02, 28, 121859
755, 0, 0, 1, 1, 1, 11.26%, 0, 0, 1, 0.02, 29, 121859
856, 0, 0, 1, 1, 1, 11.26%, 0, 0, 1, 0.02, 30, 121859
893, 0, 0, 1, 1, 1, 11.26%, 0, 0, 1, 0.02, 31, 121859
932, 0, 0, 1, 1, 1, 11.26%, 0, 0, 1, 0.02, 32, 121859
1032, 0, 0, 1, 1, 1, 11.26%, 0, 0, 1, 0.02, 33, 121859
1070, 0, 0, 1, 1, 1, 11.26%, 0, 0, 1, 0.02, 34, 121859
1107, 0, 0, 1, 1, 1, 11.26%, 0, 0, 1, 0.02, 35, 121859
1146, 0, 0, 1, 1, 1, 11.26%, 0, 0, 1, 0.02, 36, 121859
1184, 0, 0, 1, 1, 1, 11.26%, 0, 0, 1, 0.02, 37, 121859
1223, 0, 0, 1, 1, 1, 11.26%, 0, 0, 1, 0.02, 38, 121859
1271, 0, 0, 1, 1, 1, 11.26%, 0, 0, 1, 0.02, 39, 121859
1327, 0, 0, 1, 1, 1, 11.26%, 0, 0, 1, 0.02, 40, 121859
1373, 0, 0, 1, 1, 1, 11.26%, 0, 0, 1, 0.02, 41, 121859
1430, 0, 0, 1, 1, 1, 11.26%, 0, 0, 1, 0.02, 42, 121859
1485, 0, 0, 1, 1, 1, 11.26%, 0, 0, 1, 0.02, 43, 121859
1541, 0, 0, 1, 1, 1, 11.26%, 0, 0, 1, 0.02, 44, 121859
1596, 0, 0, 1, 1, 1, 11.26%, 0, 0, 1, 0.02, 45, 121859
1651, 0, 0, 1, 1, 1, 11.26%, 0, 0, 1, 0.02, 46, 121859
1709, 0, 0, 1, 1, 1, 11.26%, 0, 0, 1, 0.02, 47, 121859
1768, 0, 0, 1, 1, 1, 11.26%, 0, 0, 1, 0.02, 48, 121859
1824, 0, 0, 1, 1, 1, 11.26%, 0, 0, 1, 0.02, 49, 121859
1879, 0, 0, 1, 1, 1, 11.26%, 0, 0, 1, 0.02, 50, 121859
1934, 0, 0, 1, 1, 1, 11.26%, 0, 0, 1, 0.02, 51, 121859
1988, 0, 0, 1, 1, 1, 11.26%, 0, 0, 1, 0.02, 52, 121859
2035, 0, 0, 1, 1, 1, 11.26%, 0, 0, 1, 0.02, 53, 121859
2082, 0, 0, 1, 1, 1, 11.26%, 0, 0, 1, 0.02, 54, 121859
2131, 0, 0, 1, 1, 1, 11.26%, 0, 0, 1, 0.02, 55, 121859
2184, 0, 0, 1, 1, 1, 11.26%, 0, 0, 1, 0.02, 56, 121859
2229, 0, 0, 1, 1, 1, 11.26%, 0, 0, 1, 0.02, 57, 121859
2273, 0, 0, 1, 1, 1, 11.26%, 0, 0, 1, 0.02, 58, 121859
2312, 0, 0, 1, 1, 1, 11.26%, 0, 0, 1, 0.02, 59, 121859
2354, 0, 0, 1, 1, 1, 11.26%, 0, 0, 1, 0.02, 60, 121859
2397, 0, 0, 1, 1, 1, 11.26%, 0, 0, 1, 0.02, 61, 121859
2441, 0, 0, 1, 1, 1, 11.26%, 0, 0, 1, 0.02, 62, 121859
2484, 0, 0, 1, 1, 1, 11.26%, 0, 0, 1, 0.02, 63, 121859
2527, 0, 0, 1, 1, 1, 11.26%, 0, 0, 1, 0.02, 64, 121859
2541, 0, 0, 1, 1, 1, 11.26%, 0, 0, 1, 0.02, 65, 121859
2554, 0, 0, 1, 1, 1, 11.26%, 0, 0, 1, 0.03, 66, 121859
2568, 0, 0, 1, 1, 1, 11.26%, 0, 0, 1, 0.03, 67, 121859
2620, 0, 0, 1, 1, 1, 11.26%, 0, 0, 1, 0.03, 68, 121859
2672, 0, 0, 1, 1, 1, 11.26%, 0, 0, 1, 0.03, 69, 121859
2724, 0, 0, 1, 1, 1, 11.26%, 0, 0, 1, 0.03, 70, 121859
2824, 0, 0, 1, 1, 1, 11.26%, 0, 0, 1, 0.03, 71, 121859
2871, 0, 0, 1, 1, 1, 11.26%, 0, 0, 1, 0.03, 72, 121859
2918, 0, 0, 1, 1, 1, 11.26%, 0, 0, 1, 0.03, 73, 121859
2957, 0, 0, 1, 1, 1, 11.26%, 0, 0, 1, 0.03, 74, 121859
3005, 0, 0, 1, 1, 1, 11.26%, 0, 0, 1, 0.03, 75, 121859
3054, 0, 0, 1, 1, 1, 11.26%, 0, 0, 1, 0.03, 76, 121859
3088, 0, 0, 1, 1, 1, 11.26%, 0, 0, 1, 0.03, 77, 121859
3120, 0, 0, 1, 1, 1, 11.26%, 0, 0, 1, 0.03, 78, 121859
3152, 0, 0, 1, 1, 1, 11.26%, 0, 0, 1, 0.03, 79, 121859
3184, 0, 0, 1, 1, 1, 11.26%, 0, 0, 1, 0.03, 80, 121859
3216, 0, 0, 1, 1, 1, 11.26%, 0, 0, 1, 0.03, 81, 121859
3259, 0, 0, 1, 1, 1, 11.26%, 0, 0, 1, 0.03, 82, 121859
3300, 0, 0, 1, 1, 1, 11.26%, 0, 0, 1, 0.03, 83, 121859
3343, 0, 0, 1, 1, 1, 11.26%, 0, 0, 1, 0.03, 84, 121859
3386, 0, 0, 1, 1, 1, 11.26%, 0, 0, 1, 0.03, 85, 121859
3428, 0, 0, 1, 1, 1, 11.26%, 0, 0, 1, 0.03, 86, 121859
3471, 0, 0, 1, 1, 1, 11.26%, 0, 0, 1, 0.03, 87, 121859
3514, 0, 0, 1, 1, 1, 11.26%, 0, 0, 1, 0.03, 88, 121859
3560, 0, 0, 1, 1, 1, 11.26%, 0, 0, 1, 0.03, 89, 121859
3605, 0, 0, 1, 1, 1, 11.26%, 0, 0, 1, 0.03, 90, 121859
3651, 0, 0, 1, 1, 1, 11.26%, 0, 0, 1, 0.03, 91, 121859
3696, 0, 0, 1, 1, 1, 11.26%, 0, 0, 1, 0.02, 92, 121859
3742, 0, 0, 1, 1, 1, 11.26%, 0, 0, 1, 0.02, 93, 121859
3788, 0, 0, 1, 1, 1, 11.26%, 0, 0, 1, 0.02, 94, 121859
3834, 0, 0, 1, 1, 1, 11.26%, 0, 0, 1, 0.02, 95, 121859
3879, 0, 0, 1, 1, 1, 11.26%, 0, 0, 1, 0.02, 96, 121859
3928, 0, 0, 1, 1, 1, 11.26%, 0, 0, 1, 0.02, 97, 121859
3972, 0, 0, 1, 1, 1, 11.26%, 0, 0, 1, 0.02, 98, 121859
4014, 0, 0, 1, 1, 1, 11.26%, 0, 0, 1, 0.02, 99, 121859
4055, 0, 0, 1, 1, 1, 11.26%, 0, 0, 1, 0.02, 100, 121859
4094, 0, 0, 1, 1, 1, 11.26%, 0, 0, 1, 0.02, 101, 121859
4134, 0, 0, 1, 1, 1, 11.26%, 0, 0, 1, 0.02, 102, 121859
4174, 0, 0, 1, 1, 1, 11.26%, 0, 0, 1, 0.02, 103, 121859
4216, 0, 0, 1, 1, 1, 11.26%, 0, 0, 1, 0.02, 104, 121859
4255, 0, 0, 1, 1, 1, 11.26%, 0, 0, 1, 0.02, 105, 121859
4295, 0, 0, 1, 1, 1, 11.26%, 0, 0, 1, 0.02, 106, 121859
4334, 0, 0, 1, 1, 1, 11.26%, 0, 0, 1, 0.02, 107, 121859
4374, 0, 0, 1, 1, 1, 11.26%, 0, 0, 1, 0.02, 108, 121859
4412, 0, 0, 1, 1, 1, 11.26%, 0, 0, 1, 0.02, 109, 121859
4453, 0, 0, 1, 1, 1, 11.26%, 0, 0, 1, 0.02, 110, 121859
4492, 0, 0, 1, 1, 1, 11.26%, 0, 0, 1, 0.02, 111, 121859
4530, 0, 0, 1, 1, 1, 11.26%, 0, 0, 1, 0.02, 112, 121859
4569, 0, 0, 1, 1, 1, 11.26%, 0, 0, 1, 0.02, 113, 121859
4608, 0, 0, 1, 1, 1, 11.26%, 0, 0, 1, 0.02, 114, 121859
4648, 0, 0, 1, 1, 1, 11.26%, 0, 0, 1, 0.02, 115, 121859
4687, 0, 0, 1, 1, 1, 11.26%, 0, 0, 1, 0.02, 116, 121859
4727, 0, 0, 1, 1, 1, 11.26%, 0, 0, 1, 0.02, 117, 121859
4767, 0, 0, 1, 1, 1, 11.26%, 0, 0, 1, 0.02, 118, 121859
4810, 0, 0, 1, 1, 1, 11.26%, 0, 0, 1, 0.02, 119, 121859
4848, 0, 0, 1, 1, 1, 11.26%, 0, 0, 1, 0.02, 120, 121859
4888, 0, 0, 1, 1, 1, 11.26%, 0, 0, 1, 0.02, 121, 121859
4927, 0, 0, 1, 1, 1, 11.26%, 0, 0, 1, 0.02, 122, 121859
4965, 0, 0, 1, 1, 1, 11.26%, 0, 0, 1, 0.03, 123, 121859
5005, 0, 0, 1, 1, 1, 11.26%, 0, 0, 1, 0.03, 124, 121859
5044, 0, 0, 1, 1, 1, 11.26%, 0, 0, 1, 0.03, 125, 121859
5084, 0, 0, 1, 1, 1, 11.26%, 0, 0, 1, 0.03, 126, 121859
5122, 0, 0, 1, 1, 1, 11.26%, 0, 0, 1, 0.03, 127, 121859
5161, 0, 0, 1, 1, 1, 11.26%, 0, 0, 1, 0.03, 128, 121859
5200, 0, 0, 1, 1, 1, 11.26%, 0, 0, 1, 0.03, 129, 121859
5239, 0, 0, 1, 1, 1, 11.26%, 0, 0, 1, 0.03, 130, 121859
5277, 0, 0, 1, 1, 1, 11.26%, 0, 0, 1, 0.03, 131, 121859
5316, 0, 0, 1, 1, 1, 11.26%, 0, 0, 1, 0.03, 132, 121859
5355, 0, 0, 1, 1, 1, 11.26%, 0, 0, 1, 0.03, 133, 121859
5393, 0, 0, 1, 1, 1, 11.26%, 0, 0, 1, 0.03, 134, 121859
5431, 0, 0, 1, 1, 1, 11.26%, 0, 0, 1, 0.03, 135, 121859
5469, 0, 0, 1, 1, 1, 11.26%, 0, 0, 1, 0.03, 136, 121859
5500, 0, 0, 1, 1, 1, 11.26%, 0, 0, 1, 0.03, 137, 121859
5532, 0, 0, 1, 1, 1, 11.26%, 0, 0, 1, 0.03, 138, 121859
5565, 0, 0, 1, 1, 1, 11.26%, 0, 0, 1, 0.03, 139, 121859
5596, 0, 0, 1, 1, 1, 11.26%, 0, 0, 1, 0.03, 140, 121859
5627, 0, 0, 1, 1, 1, 11.26%, 0, 0, 1, 0.03, 141, 121859
5657, 0, 0, 1, 1, 1, 11.26%, 0, 0, 1, 0.03, 142, 121859
5690, 0, 0, 1, 1, 1, 11.26%, 0, 0, 1, 0.03, 143, 121859
5723, 0, 0, 1, 1, 1, 11.26%, 0, 0, 1, 0.03, 144, 121859
5755, 0, 0, 1, 1, 1, 11.26%, 0, 0, 1, 0.03, 145, 121859
5788, 0, 0, 1, 1, 1, 11.26%, 0, 0, 1, 0.03, 146, 121859
5818, 0, 0, 1, 1, 1, 11.26%, 0, 0, 1, 0.03, 147, 121859
5850, 0, 0, 1, 1, 1, 11.26%, 0, 0, 1, 0.03, 148, 121859
5882, 0, 0, 1, 1, 1, 11.26%, 0, 0, 1, 0.03, 149, 121859
5914, 0, 0, 1, 1, 1, 11.26%, 0, 0, 1, 0.03, 150, 121859
6330, 0, 0, 2, 2, 1, 11.32%, 0, 0, 2, 0.03, 163, 122544
6362, 0, 0, 2, 2, 1, 11.32%, 0, 0, 2, 0.03, 164, 122544
6777, 0, 0, 3, 3, 1, 11.32%, 0, 0, 2, 0.03, 177, 122544
6808, 0, 0, 3, 3, 1, 11.32%, 0, 0, 2, 0.03, 178, 122544
7222, 0, 0, 4, 4, 1, 11.32%, 0, 0, 2, 0.03, 191, 122545
7615, 0, 0, 5, 5, 1, 11.32%, 0, 0, 2, 0.03, 204, 122545
8036, 0, 0, 6, 6, 1, 11.35%, 0, 0, 2, 0.03, 217, 122898
8459, 0, 0, 7, 7, 1, 11.35%, 0, 0, 2, 0.03, 230, 122901
8963, 0, 0, 8, 8, 1, 11.86%, 0, 0, 2, 0.03, 243, 128392
9516, 0, 0, 9, 9, 1, 12.05%, 0, 0, 2, 0.03, 256, 130437
10090, 0, 0, 10, 10, 1, 12.17%, 0, 0, 2, 0.03, 269, 131751
10628, 0, 0, 11, 11, 1, 12.17%, 0, 0, 2, 0.03, 282, 131775
11108, 0, 0, 12, 12, 1, 12.17%, 0, 0, 2, 0.03, 295, 131779
11648, 0, 0, 13, 13, 1, 12.17%, 0, 0, 2, 0.03, 308, 131780
11689, 0, 0, 13, 13, 1, 12.17%, 0, 0, 2, 0.03, 309, 131780
12245, 0, 0, 14, 14, 1, 12.18%, 0, 0, 2, 0.03, 322, 131895
12734, 0, 0, 15, 15, 1, 12.18%, 0, 0, 2, 0.03, 335, 131903
12775, 0, 0, 15, 15, 1, 12.18%, 0, 0, 2, 0.03, 336, 131903
13354, 0, 0, 16, 16, 1, 12.18%, 0, 0, 2, 0.03, 349, 131903
13395, 0, 0, 16, 16, 1, 12.18%, 0, 0, 2, 0.03, 350, 131903
13437, 0, 0, 16, 16, 1, 12.18%, 0, 0, 2, 0.03, 351, 131903
13978, 0, 0, 17, 17, 1, 12.19%, 0, 0, 2, 0.03, 364, 131908
14522, 0, 0, 18, 18, 1, 12.20%, 0, 0, 2, 0.03, 377, 132042
14563, 0, 0, 18, 18, 1, 12.20%, 0, 0, 2, 0.03, 378, 132042
14600, 0, 0, 18, 18, 1, 12.20%, 0, 0, 2, 0.03, 379, 132042
14640, 0, 0, 18, 18, 1, 12.20%, 0, 0, 2, 0.03, 380, 132042
15179, 0, 0, 19, 19, 1, 12.20%, 0, 0, 2, 0.03, 393, 132042
15677, 0, 0, 20, 20, 1, 12.20%, 0, 0, 2, 0.03, 406, 132042
16265, 0, 0, 21, 21, 1, 12.22%, 0, 0, 2, 0.03, 419, 132259
16307, 0, 0, 21, 21, 1, 12.22%, 0, 0, 2, 0.03, 420, 132259
16349, 0, 0, 21, 21, 1, 12.22%, 0, 0, 2, 0.03, 421, 132259
16906, 0, 0, 22, 22, 1, 12.22%, 0, 0, 2, 0.03, 434, 132259
16947, 0, 0, 22, 22, 1, 12.22%, 0, 0, 2, 0.03, 435, 132259
17913, 0, 0, 23, 23, 1, 12.22%, 0, 0, 2, 0.02, 448, 132259
18336, 0, 0, 24, 24, 1, 12.30%, 0, 0, 2, 0.02, 455, 133120
18993, 0, 0, 25, 25, 1, 12.30%, 0, 0, 2, 0.02, 468, 133120
19468, 0, 0, 26, 26, 1, 12.31%, 0, 0, 2, 0.02, 481, 133264
19509, 0, 0, 26, 26, 1, 12.31%, 0, 0, 2, 0.02, 482, 133264
19550, 0, 0, 26, 26, 1, 12.31%, 0, 0, 2, 0.02, 483, 133264
20095, 0, 0, 27, 27, 1, 12.31%, 0, 0, 2, 0.02, 496, 133264
20638, 0, 0, 28, 28, 1, 12.32%, 0, 0, 2, 0.02, 509, 133312
21140, 0, 0, 29, 29, 1, 12.33%, 0, 0, 2, 0.02, 522, 133499
21688, 0, 0, 30, 30, 1, 12.58%, 0, 0, 2, 0.02, 535, 136213
22414, 0, 0, 31, 31, 1, 12.64%, 0, 0, 2, 0.02, 548, 136798
22456, 0, 0, 31, 31, 1, 12.64%, 0, 0, 2, 0.02, 549, 136798
22982, 0, 0, 32, 32, 1, 12.64%, 0, 0, 2, 0.02, 562, 136818
23025, 0, 0, 32, 32, 1, 12.64%, 0, 0, 2, 0.02, 563, 136818
23519, 0, 0, 33, 33, 1, 12.65%, 0, 0, 2, 0.02, 576, 136944
23562, 0, 0, 33, 33, 1, 12.65%, 0, 0, 2, 0.02, 577, 136944
24153, 0, 0, 34, 34, 1, 12.65%, 0, 0, 2, 0.02, 590, 136957
24710, 0, 0, 35, 35, 1, 12.65%, 0, 0, 2, 0.02, 603, 136971
24750, 0, 0, 35, 35, 1, 12.65%, 0, 0, 2, 0.02, 604, 136971
24792, 0, 0, 35, 35, 1, 12.65%, 0, 0, 2, 0.02, 605, 136971
24830, 0, 0, 35, 35, 1, 12.65%, 0, 0, 2, 0.02, 606, 136971
25320, 0, 0, 36, 36, 1, 12.65%, 0, 0, 2, 0.02, 619, 136971
25362, 0, 0, 36, 36, 1, 12.65%, 0, 0, 2, 0.02, 620, 136971
25869, 0, 0, 37, 37, 1, 12.69%, 0, 0, 2, 0.02, 633, 137319
26501, 0, 0, 38, 38, 1, 12.69%, 0, 0, 2, 0.02, 646, 137319
26543, 0, 0, 38, 38, 1, 12.69%, 0, 0, 2, 0.02, 647, 137319
26581, 0, 0, 38, 38, 1, 12.69%, 0, 0, 2, 0.02, 648, 137319
26623, 0, 0, 38, 38, 1, 12.69%, 0, 0, 2, 0.02, 649, 137319
27239, 0, 0, 39, 39, 1, 12.69%, 0, 0, 2, 0.02, 662, 137319
27281, 0, 0, 39, 39, 1, 12.69%, 0, 0, 2, 0.02, 663, 137319
28027, 0, 0, 40, 40, 1, 12.80%, 0, 0, 2, 0.02, 676, 138515
28599, 0, 0, 41, 41, 1, 12.80%, 0, 0, 2, 0.02, 689, 138517
29163, 0, 0, 42, 42, 1, 12.80%, 0, 0, 2, 0.02, 702, 138517
29786, 0, 0, 43, 43, 1, 12.80%, 0, 0, 2, 0.02, 715, 138559
29827, 0, 0, 43, 43, 1, 12.80%, 0, 0, 2, 0.02, 716, 138559
29864, 0, 0, 43, 43, 1, 12.80%, 0, 0, 2, 0.02, 717, 138559
29907, 0, 0, 43, 43, 1, 12.80%, 0, 0, 2, 0.02, 718, 138559
30364, 0, 0, 44, 44, 1, 12.80%, 0, 0, 2, 0.02, 731, 138559
30405, 0, 0, 44, 44, 1, 12.80%, 0, 0, 2, 0.02, 732, 138559
30448, 0, 0, 44, 44, 1, 12.80%, 0, 0, 2, 0.02, 733, 138559
30504, 0, 0, 44, 44, 1, 12.80%, 0, 0, 2, 0.02, 734, 138559
30999, 0, 0, 45, 45, 1, 12.80%, 0, 0, 2, 0.02, 747, 138559
31037, 0, 0, 45, 45, 1, 12.80%, 0, 0, 2, 0.02, 748, 138559
31743, 0, 0, 46, 46, 1, 12.80%, 0, 0, 2, 0.02, 761, 138574
32298, 0, 0, 47, 47, 1, 12.80%, 0, 0, 2, 0.02, 774, 138574
32341, 0, 0, 47, 47, 1, 12.80%, 0, 0, 2, 0.02, 775, 138574
32380, 0, 0, 47, 47, 1, 12.80%, 0, 0, 2, 0.02, 776, 138574
32935, 0, 0, 48, 48, 1, 12.80%, 0, 0, 2, 0.02, 789, 138574
32981, 0, 0, 48, 48, 1, 12.80%, 0, 0, 2, 0.02, 790, 138574
33023, 0, 0, 48, 48, 1, 12.80%, 0, 0, 2, 0.02, 791, 138574
33602, 0, 0, 49, 49, 1, 12.80%, 0, 0, 2, 0.02, 804, 138574
33644, 0, 0, 49, 49, 1, 12.80%, 0, 0, 2, 0.02, 805, 138574
34166, 0, 0, 50, 50, 1, 12.80%, 0, 0, 2, 0.02, 818, 138574
34676, 0, 0, 51, 51, 1, 12.80%, 0, 0, 2, 0.02, 831, 138574
35164, 0, 0, 52, 52, 1, 12.81%, 0, 0, 2, 0.02, 844, 138637
35756, 0, 0, 53, 53, 1, 12.82%, 0, 0, 2, 0.02, 857, 138768
35807, 0, 0, 53, 53, 1, 12.82%, 0, 0, 2, 0.02, 858, 138768
36388, 0, 0, 54, 54, 1, 12.82%, 0, 0, 2, 0.02, 871, 138770
36430, 0, 0, 54, 54, 1, 12.82%, 0, 0, 2, 0.02, 872, 138770
37206, 0, 0, 55, 55, 1, 12.90%, 0, 0, 2, 0.02, 885, 139635
37820, 0, 0, 56, 56, 1, 12.90%, 0, 0, 2, 0.02, 898, 139635
37862, 0, 0, 56, 56, 1, 12.90%, 0, 0, 2, 0.02, 899, 139635
37917, 0, 0, 56, 56, 1, 12.90%, 0, 0, 2, 0.02, 900, 139635
37958, 0, 0, 56, 56, 1, 12.90%, 0, 0, 2, 0.02, 901, 139635
38001, 0, 0, 56, 56, 1, 12.90%, 0, 0, 2, 0.02, 902, 139635
38043, 0, 0, 56, 56, 1, 12.90%, 0, 0, 2, 0.02, 903, 139635
38508, 0, 0, 57, 57, 1, 12.90%, 0, 0, 2, 0.02, 916, 139639
38551, 0, 0, 57, 57, 1, 12.90%, 0, 0, 2, 0.02, 917, 139639
38593, 0, 0, 57, 57, 1, 12.90%, 0, 0, 2, 0.02, 918, 139639
39123, 0, 0, 58, 58, 1, 12.90%, 0, 0, 2, 0.02, 931, 139639
39160, 0, 0, 58, 58, 1, 12.90%, 0, 0, 2, 0.02, 932, 139639
39208, 0, 0, 58, 58, 1, 12.90%, 0, 0, 2, 0.02, 933, 139639
39244, 0, 0, 58, 58, 1, 12.90%, 0, 0, 2, 0.02, 934, 139639
39288, 0, 0, 58, 58, 1, 12.90%, 0, 0, 2, 0.02, 935, 139639
39328, 0, 0, 58, 58, 1, 12.90%, 0, 0, 2, 0.02, 936, 139639
39370, 0, 0, 58, 58, 1, 12.90%, 0, 0, 2, 0.02, 937, 139639
39939, 0, 0, 59, 59, 1, 12.90%, 0, 0, 2, 0.02, 950, 139640
39984, 0, 0, 59, 59, 1, 12.90%, 0, 0, 2, 0.02, 951, 139640
40025, 0, 0, 59, 59, 1, 12.90%, 0, 0, 2, 0.02, 952, 139640
40498, 0, 0, 60, 60, 1, 12.90%, 0, 0, 2, 0.02, 965, 139640
41158, 0, 0, 61, 61, 1, 12.90%, 0, 0, 2, 0.02, 978, 139645
41726, 0, 0, 62, 62, 1, 12.90%, 0, 0, 2, 0.02, 991, 139645
41767, 0, 0, 62, 62, 1, 12.90%, 0, 0, 2, 0.02, 992, 139645
41818, 0, 0, 62, 62, 1, 12.90%, 0, 0, 2, 0.02, 993, 139645
41860, 0, 0, 62, 62, 1, 12.90%, 0, 0, 2, 0.02, 994, 139645
41910, 0, 0, 62, 62, 1, 12.90%, 0, 0, 2, 0.02, 995, 139645
42479, 0, 0, 63, 63, 1, 12.90%, 0, 0, 2, 0.02, 1008, 139647
42523, 0, 0, 63, 63, 1, 12.90%, 0, 0, 2, 0.02, 1009, 139647
43030, 0, 0, 64, 64, 1, 12.91%, 0, 0, 2, 0.02, 1022, 139701
43072, 0, 0, 64, 64, 1, 12.91%, 0, 0, 2, 0.02, 1023, 139701
43690, 0, 0, 65, 65, 1, 12.91%, 0, 0, 2, 0.02, 1036, 139744
43730, 0, 0, 65, 65, 1, 12.91%, 0, 0, 2, 0.02, 1037, 139744
43771, 0, 0, 65, 65, 1, 12.91%, 0, 0, 2, 0.02, 1038, 139744
44458, 0, 0, 66, 66, 1, 12.94%, 0, 0, 2, 0.02, 1051, 140071
44509, 0, 0, 66, 66, 1, 12.94%, 0, 0, 2, 0.02, 1052, 140071
44554, 0, 0, 66, 66, 1, 12.94%, 0, 0, 2, 0.02, 1053, 140071
45215, 0, 0, 67, 67, 1, 13.02%, 0, 0, 2, 0.02, 1066, 140975
45262, 0, 0, 67, 67, 1, 13.02%, 0, 0, 2, 0.02, 1067, 140975
45302, 0, 0, 67, 67, 1, 13.02%, 0, 0, 2, 0.02, 1068, 140975
45914, 0, 0, 68, 68, 1, 13.02%, 0, 0, 2, 0.02, 1081, 140976
45968, 0, 0, 68, 68, 1, 13.02%, 0, 0, 2, 0.02, 1082, 140976
46022, 0, 0, 68, 68, 1, 13.02%, 0, 0, 2, 0.02, 1083, 140976
46067, 0, 0, 68, 68, 1, 13.02%, 0, 0, 2, 0.02, 1084, 140976
46114, 0, 0, 68, 68, 1, 13.02%, 0, 0, 2, 0.02, 1085, 140976
46159, 0, 0, 68, 68, 1, 13.02%, 0, 0, 2, 0.02, 1086, 140976
46213, 0, 0, 68, 68, 1, 13.02%, 0, 0, 2, 0.02, 1087, 140976
46259, 0, 0, 68, 68, 1, 13.02%, 0, 0, 2, 0.02, 1088, 140976
46305, 0, 0, 68, 68, 1, 13.02%, 0, 0, 2, 0.02, 1089, 140976
46832, 0, 0, 69, 69, 1, 13.03%, 0, 0, 2, 0.02, 1102, 141005
46878, 0, 0, 69, 69, 1, 13.03%, 0, 0, 2, 0.02, 1103, 141005
46914, 0, 0, 69, 69, 1, 13.03%, 0, 0, 2, 0.02, 1104, 141005
46959, 0, 0, 69, 69, 1, 13.03%, 0, 0, 2, 0.02, 1105, 141005
47003, 0, 0, 69, 69, 1, 13.03%, 0, 0, 2, 0.02, 1106, 141005
47049, 0, 0, 69, 69, 1, 13.03%, 0, 0, 2, 0.02, 1107, 141005
47705, 0, 0, 70, 70, 1, 13.03%, 0, 0, 2, 0.02, 1120, 141018
47750, 0, 0, 70, 70, 1, 13.03%, 0, 0, 2, 0.02, 1121, 141018
48430, 0, 0, 71, 71, 1, 13.03%, 0, 0, 2, 0.02, 1134, 141018
48474, 0, 0, 71, 71, 1, 13.03%, 0, 0, 2, 0.02, 1135, 141018
49019, 0, 0, 72, 72, 1, 13.03%, 0, 0, 2, 0.02, 1148, 141018
49062, 0, 0, 72, 72, 1, 13.03%, 0, 0, 2, 0.02, 1149, 141018
49101, 0, 0, 72, 72, 1, 13.03%, 0, 0, 2, 0.02, 1150, 141018
49145, 0, 0, 72, 72, 1, 13.03%, 0, 0, 2, 0.02, 1151, 141018
49194, 0, 0, 72, 72, 1, 13.03%, 0, 0, 2, 0.02, 1152, 141018
49789, 0, 0, 73, 73, 1, 13.08%, 0, 0, 2, 0.02, 1165, 141572
49835, 0, 0, 73, 73, 1, 13.08%, 0, 0, 2, 0.02, 1166, 141572
49881, 0, 0, 73, 73, 1, 13.08%, 0, 0, 2, 0.02, 1167, 141572
50444, 0, 0, 74, 74, 1, 13.08%, 0, 0, 2, 0.02, 1180, 141572
51126, 0, 0, 75, 75, 1, 13.08%, 0, 0, 2, 0.02, 1193, 141585
51170, 0, 0, 75, 75, 1, 13.08%, 0, 0, 2, 0.02, 1194, 141585
51205, 0, 0, 75, 75, 1, 13.08%, 0, 0, 2, 0.02, 1195, 141585
51255, 0, 0, 75, 75, 1, 13.08%, 0, 0, 2, 0.02, 1196, 141585
51840, 0, 0, 76, 76, 1, 13.08%, 0, 0, 2, 0.02, 1209, 141585
51885, 0, 0, 76, 76, 1, 13.08%, 0, 0, 2, 0.02, 1210, 141585
52525, 0, 0, 77, 77, 1, 13.08%, 0, 0, 2, 0.02, 1223, 141592
52571, 0, 0, 77, 77, 1, 13.08%, 0, 0, 2, 0.02, 1224, 141592
52617, 0, 0, 77, 77, 1, 13.08%, 0, 0, 2, 0.02, 1225, 141592
52656, 0, 0, 77, 77, 1, 13.08%, 0, 0, 2, 0.02, 1226, 141592
52701, 0, 0, 77, 77, 1, 13.08%, 0, 0, 2, 0.02, 1227, 141592
52754, 0, 0, 77, 77, 1, 13.08%, 0, 0, 2, 0.02, 1228, 141592
52801, 0, 0, 77, 77, 1, 13.08%, 0, 0, 2, 0.02, 1229, 141592
52847, 0, 0, 77, 77, 1, 13.08%, 0, 0, 2, 0.02, 1230, 141592
52895, 0, 0, 77, 77, 1, 13.08%, 0, 0, 2, 0.02, 1231, 141592
52935, 0, 0, 77, 77, 1, 13.08%, 0, 0, 2, 0.02, 1232, 141592
52975, 0, 0, 77, 77, 1, 13.08%, 0, 0, 2, 0.02, 1233, 141592
53686, 0, 0, 78, 78, 1, 13.08%, 0, 0, 2, 0.02, 1246, 141592
53732, 0, 0, 78, 78, 1, 13.08%, 0, 0, 2, 0.02, 1247, 141592
53773, 0, 0, 78, 78, 1, 13.08%, 0, 0, 2, 0.02, 1248, 141592
53814, 0, 0, 78, 78, 1, 13.08%, 0, 0, 2, 0.02, 1249, 141592
54407, 0, 0, 79, 79, 1, 13.10%, 0, 0, 2, 0.02, 1262, 141793
54453, 0, 0, 79, 79, 1, 13.10%, 0, 0, 2, 0.02, 1263, 141793
54497, 0, 0, 79, 79, 1, 13.10%, 0, 0, 2, 0.02, 1264, 141793
54540, 0, 0, 79, 79, 1, 13.10%, 0, 0, 2, 0.02, 1265, 141793
55168, 0, 0, 80, 80, 1, 13.33%, 0, 0, 2, 0.02, 1278, 144277
55867, 0, 0, 81, 81, 1, 13.33%, 0, 0, 2, 0.02, 1291, 144277
56464, 0, 0, 82, 82, 1, 13.33%, 0, 0, 2, 0.02, 1304, 144300
56508, 0, 0, 82, 82, 1, 13.33%, 0, 0, 2, 0.02, 1305, 144300
57181, 0, 0, 83, 83, 1, 13.33%, 0, 0, 2, 0.02, 1318, 144352
57697, 0, 0, 84, 84, 1, 13.33%, 0, 0, 2, 0.02, 1331, 144352
57741, 0, 0, 84, 84, 1, 13.33%, 0, 0, 2, 0.02, 1332, 144352
57786, 0, 0, 84, 84, 1, 13.33%, 0, 0, 2, 0.02, 1333, 144352
58463, 0, 0, 85, 85, 1, 13.34%, 0, 0, 2, 0.02, 1346, 144358
58510, 0, 0, 85, 85, 1, 13.34%, 0, 0, 2, 0.02, 1347, 144358
58564, 0, 0, 85, 85, 1, 13.34%, 0, 0, 2, 0.02, 1348, 144358
58605, 0, 0, 85, 85, 1, 13.34%, 0, 0, 2, 0.02, 1349, 144358
59172, 0, 0, 86, 86, 1, 13.34%, 0, 0, 2, 0.02, 1362, 144359
59218, 0, 0, 86, 86, 1, 13.34%, 0, 0, 2, 0.02, 1363, 144359
59260, 0, 0, 86, 86, 1, 13.34%, 0, 0, 2, 0.02, 1364, 144359
59299, 0, 0, 86, 86, 1, 13.34%, 0, 0, 2, 0.02, 1365, 144359
59345, 0, 0, 86, 86, 1, 13.34%, 0, 0, 2, 0.02, 1366, 144359
59939, 0, 0, 87, 87, 1, 13.35%, 0, 0, 2, 0.02, 1379, 144477
59984, 0, 0, 87, 87, 1, 13.35%, 0, 0, 2, 0.02, 1380, 144477
60030, 0, 0, 87, 87, 1, 13.35%, 0, 0, 2, 0.02, 1381, 144477
60076, 0, 0, 87, 87, 1, 13.35%, 0, 0, 2, 0.02, 1382, 144477
60121, 0, 0, 87, 87, 1, 13.35%, 0, 0, 2, 0.02, 1383, 144477
60174, 0, 0, 87, 87, 1, 13.35%, 0, 0, 2, 0.02, 1384, 144477
60216, 0, 0, 87, 87, 1, 13.35%, 0, 0, 2, 0.02, 1385, 144477
60267, 0, 0, 87, 87, 1, 13.35%, 0, 0, 2, 0.02, 1386, 144477
60846, 0, 0, 88, 88, 1, 13.38%, 0, 0, 2, 0.02, 1399, 144861
60886, 0, 0, 88, 88, 1, 13.38%, 0, 0, 2, 0.02, 1400, 144861
61479, 0, 0, 89, 89, 1, 13.39%, 0, 0, 2, 0.02, 1413, 144925
61524, 0, 0, 89, 89, 1, 13.39%, 0, 0, 2, 0.02, 1414, 144925
61570, 0, 0, 89, 89, 1, 13.39%, 0, 0, 2, 0.02, 1415, 144925
62222, 0, 0, 90, 90, 1, 13.39%, 0, 0, 2, 0.02, 1428, 144925
62814, 0, 0, 91, 91, 1, 13.39%, 0, 0, 2, 0.02, 1441, 144929
62855, 0, 0, 91, 91, 1, 13.39%, 0, 0, 2, 0.02, 1442, 144929
63579, 0, 0, 92, 92, 1, 13.39%, 0, 0, 2, 0.02, 1455, 144939
64455, 0, 0, 93, 93, 1, 13.39%, 0, 0, 2, 0.02, 1468, 144951
65059, 0, 0, 94, 94, 1, 13.39%, 0, 0, 2, 0.02, 1481, 144951
65103, 0, 0, 94, 94, 1, 13.39%, 0, 0, 2, 0.02, 1482, 144951
65149, 0, 0, 94, 94, 1, 13.39%, 0, 0, 2, 0.02, 1483, 144951
65196, 0, 0, 94, 94, 1, 13.39%, 0, 0, 2, 0.02, 1484, 144951
65240, 0, 0, 94, 94, 1, 13.39%, 0, 0, 2, 0.02, 1485, 144951
65285, 0, 0, 94, 94, 1, 13.39%, 0, 0, 2, 0.02, 1486, 144951
65335, 0, 0, 94, 94, 1, 13.39%, 0, 0, 2, 0.02, 1487, 144951
65378, 0, 0, 94, 94, 1, 13.39%, 0, 0, 2, 0.02, 1488, 144951
65937, 0, 0, 95, 95, 1, 13.40%, 0, 0, 2, 0.02, 1501, 145072
66501, 0, 0, 96, 96, 1, 13.40%, 0, 0, 2, 0.02, 1514, 145074
66544, 0, 0, 96, 96, 1, 13.40%, 0, 0, 2, 0.02, 1515, 145074
67138, 0, 0, 97, 97, 1, 13.43%, 0, 0, 2, 0.02, 1528, 145434
67675, 0, 0, 98, 98, 1, 14.03%, 0, 0, 2, 0.02, 1541, 151851
68164, 0, 0, 99, 99, 1, 14.03%, 0, 0, 2, 0.02, 1554, 151851
68212, 0, 0, 99, 99, 1, 14.03%, 0, 0, 2, 0.02, 1555, 151851
68737, 0, 0, 100, 100, 1, 14.03%, 0, 0, 2, 0.02, 1568, 151851
68781, 0, 0, 100, 100, 1, 14.03%, 0, 0, 2, 0.02, 1569, 151851
68825, 0, 0, 100, 100, 1, 14.03%, 0, 0, 2, 0.02, 1570, 151851
68870, 0, 0, 100, 100, 1, 14.03%, 0, 0, 2, 0.02, 1571, 151851
68913, 0, 0, 100, 100, 1, 14.03%, 0, 0, 2, 0.02, 1572, 151851
68952, 0, 0, 100, 100, 1, 14.03%, 0, 0, 2, 0.02, 1573, 151851
69549, 0, 0, 101, 101, 1, 14.03%, 0, 0, 2, 0.02, 1586, 151851
69606, 0, 0, 101, 101, 1, 14.03%, 0, 0, 2, 0.02, 1587, 151851
69653, 0, 0, 101, 101, 1, 14.03%, 0, 0, 2, 0.02, 1588, 151851
70380, 0, 0, 102, 102, 1, 14.03%, 0, 0, 2, 0.02, 1601, 151854
70430, 0, 0, 102, 102, 1, 14.03%, 0, 0, 2, 0.02, 1602, 151854
70464, 0, 0, 102, 102, 1, 14.03%, 0, 0, 2, 0.02, 1603, 151854
71100, 0, 0, 103, 103, 1, 14.03%, 0, 0, 2, 0.02, 1615, 151911
71137, 0, 0, 103, 103, 1, 14.03%, 0, 0, 2, 0.02, 1616, 151911
71347, 0, 0, 104, 104, 1, 14.04%, 0, 0, 2, 0.00, 1620, 151978
