# relative_time, cycles_done, cur_item, corpus_count, pending_total, pending_favs, map_size, saved_crashes, saved_hangs, max_depth, execs_per_sec, total_execs, edges_found
73, 0, 2, 3, 3, 3, 9.96%, 0, 0, 1, 0.04, 39, 107782
97, 0, 2, 3, 3, 3, 9.96%, 0, 0, 1, 0.04, 40, 107782
112, 0, 2, 3, 3, 3, 9.96%, 0, 0, 1, 0.04, 41, 107782
128, 0, 2, 3, 3, 3, 9.96%, 0, 0, 1, 0.04, 42, 107782
143, 0, 2, 3, 3, 3, 9.96%, 0, 0, 1, 0.04, 43, 107782
158, 0, 2, 3, 3, 3, 9.96%, 0, 0, 1, 0.05, 44, 107782
173, 0, 2, 3, 3, 3, 9.96%, 0, 0, 1, 0.05, 45, 107782
189, 0, 2, 3, 3, 3, 9.96%, 0, 0, 1, 0.05, 46, 107782
205, 0, 2, 3, 3, 3, 9.96%, 0, 0, 1, 0.05, 47, 107782
233, 0, 2, 3, 3, 3, 9.96%, 0, 0, 1, 0.05, 48, 107782
260, 0, 2, 3, 3, 3, 9.96%, 0, 0, 1, 0.05, 49, 107782
284, 0, 2, 3, 3, 3, 9.96%, 0, 0, 1, 0.05, 50, 107782
308, 0, 2, 3, 3, 3, 9.96%, 0, 0, 1, 0.05, 51, 107782
333, 0, 2, 3, 3, 3, 9.96%, 0, 0, 1, 0.05, 52, 107782
357, 0, 2, 3, 3, 3, 9.96%, 0, 0, 1, 0.05, 53, 107782
382, 0, 2, 3, 3, 3, 9.96%, 0, 0, 1, 0.05, 54, 107782
406, 0, 2, 3, 3, 3, 9.96%, 0, 0, 1, 0.05, 55, 107782
431, 0, 2, 3, 3, 3, 9.96%, 0, 0, 1, 0.05, 56, 107782
455, 0, 2, 3, 3, 3, 9.96%, 0, 0, 1, 0.04, 57, 107782
480, 0, 2, 3, 3, 3, 9.96%, 0, 0, 1, 0.04, 58, 107782
505, 0, 2, 3, 3, 3, 9.96%, 0, 0, 1, 0.04, 59, 107782
530, 0, 2, 3, 3, 3, 9.96%, 0, 0, 1, 0.04, 60, 107782
554, 0, 2, 3, 3, 3, 9.96%, 0, 0, 1, 0.04, 61, 107782
580, 0, 2, 3, 3, 3, 9.96%, 0, 0, 1, 0.04, 62, 107782
604, 0, 2, 3, 3, 3, 9.96%, 0, 0, 1, 0.04, 63, 107782
629, 0, 2, 3, 3, 3, 9.96%, 0, 0, 1, 0.04, 64, 107782
653, 0, 2, 3, 3, 3, 9.96%, 0, 0, 1, 0.04, 65, 107782
669, 0, 2, 3, 3, 3, 9.96%, 0, 0, 1, 0.04, 66, 107782
684, 0, 2, 3, 3, 3, 9.96%, 0, 0, 1, 0.05, 67, 107782
700, 0, 2, 3, 3, 3, 9.96%, 0, 0, 1, 0.05, 68, 107782
716, 0, 2, 3, 3, 3, 9.96%, 0, 0, 1, 0.05, 69, 107782
732, 0, 2, 3, 3, 3, 9.96%, 0, 0, 1, 0.05, 70, 107782
747, 0, 2, 3, 3, 3, 9.96%, 0, 0, 1, 0.05, 71, 107782
954, 0, 2, 4, 4, 3, 9.96%, 0, 0, 2, 0.05, 84, 107782
1159, 0, 2, 5, 5, 3, 9.96%, 0, 0, 2, 0.05, 97, 107787
1176, 0, 2, 5, 5, 3, 9.96%, 0, 0, 2, 0.05, 98, 107787
1382, 0, 2, 6, 6, 3, 9.96%, 0, 0, 2, 0.05, 111, 107789
1399, 0, 2, 6, 6, 3, 9.96%, 0, 0, 2, 0.05, 112, 107789
1609, 0, 2, 7, 7, 3, 9.96%, 0, 0, 2, 0.05, 125, 107790
1820, 0, 2, 8, 8, 3, 9.96%, 0, 0, 2, 0.05, 138, 107791
1836, 0, 2, 8, 8, 3, 9.96%, 0, 0, 2, 0.05, 139, 107791
2048, 0, 2, 9, 9, 3, 9.96%, 0, 0, 2, 0.06, 152, 107791
2254, 0, 2, 10, 10, 3, 9.96%, 0, 0, 2, 0.06, 165, 107792
2462, 0, 2, 11, 11, 3, 9.96%, 0, 0, 2, 0.06, 178, 107792
2643, 0, 2, 12, 12, 3, 9.96%, 0, 0, 2, 0.06, 191, 107792
2852, 0, 2, 13, 13, 3, 9.96%, 0, 0, 2, 0.06, 204, 107792
3072, 0, 2, 14, 14, 3, 9.96%, 0, 0, 2, 0.06, 217, 107808
3279, 0, 2, 15, 15, 3, 9.96%, 0, 0, 2, 0.06, 230, 107808
3490, 0, 2, 16, 16, 3, 9.96%, 0, 0, 2, 0.06, 243, 107808
3506, 0, 2, 16, 16, 3, 9.96%, 0, 0, 2, 0.06, 244, 107808
3713, 0, 2, 17, 17, 3, 9.96%, 0, 0, 2, 0.06, 257, 107808
3730, 0, 2, 17, 17, 3, 9.96%, 0, 0, 2, 0.06, 258, 107808
3943, 0, 2, 18, 18, 3, 9.96%, 0, 0, 2, 0.06, 271, 107808
3959, 0, 2, 18, 18, 3, 9.96%, 0, 0, 2, 0.06, 272, 107808
4182, 0, 2, 19, 19, 3, 9.96%, 0, 0, 2, 0.06, 285, 107857
4198, 0, 2, 19, 19, 3, 9.96%, 0, 0, 2, 0.06, 286, 107857
4407, 0, 2, 20, 20, 3, 9.96%, 0, 0, 2, 0.06, 299, 107857
4424, 0, 2, 20, 20, 3, 9.96%, 0, 0, 2, 0.06, 300, 107857
4650, 0, 2, 21, 21, 3, 9.97%, 0, 0, 2, 0.06, 313, 107903
4830, 0, 2, 22, 22, 3, 9.97%, 0, 0, 2, 0.06, 326, 107903
5037, 0, 2, 23, 23, 3, 9.97%, 0, 0, 2, 0.06, 339, 107903
5054, 0, 2, 23, 23, 3, 9.97%, 0, 0, 2, 0.06, 340, 107903
5260, 0, 2, 24, 24, 3, 9.97%, 0, 0, 2, 0.06, 353, 107903
5473, 0, 2, 25, 25, 3, 9.97%, 0, 0, 2, 0.06, 366, 107919
5681, 0, 2, 26, 26, 3, 9.97%, 0, 0, 2, 0.06, 379, 107919
5888, 0, 2, 27, 27, 3, 9.97%, 0, 0, 2, 0.06, 392, 107919
6091, 0, 2, 28, 28, 3, 9.97%, 0, 0, 2, 0.06, 405, 107919
6304, 0, 2, 29, 29, 3, 9.98%, 0, 0, 2, 0.06, 418, 108041
6320, 0, 2, 29, 29, 3, 9.98%, 0, 0, 2, 0.06, 419, 108041
6526, 0, 2, 30, 30, 3, 9.98%, 0, 0, 2, 0.06, 432, 108041
6862, 0, 2, 31, 31, 3, 9.98%, 0, 0, 2, 0.06, 445, 108059
7071, 0, 2, 32, 32, 3, 9.98%, 0, 0, 2, 0.06, 458, 108059
7290, 0, 2, 33, 33, 3, 9.98%, 0, 0, 2, 0.06, 471, 108059
7652, 0, 2, 34, 34, 3, 9.98%, 0, 0, 2, 0.06, 484, 108060
7861, 0, 2, 35, 35, 3, 9.98%, 0, 0, 2, 0.06, 497, 108060
9018, 0, 2, 36, 36, 3, 9.99%, 0, 0, 2, 0.01, 510, 108125
9226, 0, 2, 37, 37, 3, 9.99%, 0, 0, 2, 0.06, 523, 108125
9435, 0, 2, 38, 38, 3, 9.99%, 0, 0, 2, 0.06, 536, 108125
9666, 0, 2, 39, 39, 3, 9.99%, 0, 0, 2, 0.06, 549, 108125
9986, 0, 2, 40, 40, 3, 10.00%, 0, 0, 2, 0.06, 562, 108237
10287, 0, 2, 41, 41, 3, 10.07%, 0, 0, 2, 0.06, 575, 109012
10603, 0, 2, 42, 42, 3, 10.07%, 0, 0, 2, 0.06, 588, 109048
10948, 0, 2, 43, 43, 3, 10.15%, 0, 0, 2, 0.06, 601, 109833
11135, 0, 2, 44, 44, 3, 10.15%, 0, 0, 2, 0.06, 614, 109833
11150, 0, 2, 44, 44, 3, 10.15%, 0, 0, 2, 0.06, 615, 109833
11164, 0, 2, 44, 44, 3, 10.15%, 0, 0, 2, 0.06, 616, 109833
11354, 0, 2, 45, 45, 3, 10.15%, 0, 0, 2, 0.06, 629, 109833
11544, 0, 2, 46, 46, 3, 10.15%, 0, 0, 2, 0.06, 642, 109833
11737, 0, 2, 47, 47, 3, 10.29%, 0, 0, 2, 0.06, 655, 111416
11926, 0, 2, 48, 48, 3, 10.29%, 0, 0, 2, 0.06, 668, 111416
12247, 0, 2, 49, 49, 3, 10.29%, 0, 0, 2, 0.06, 681, 111424
12261, 0, 2, 49, 49, 3, 10.29%, 0, 0, 2, 0.06, 682, 111424
12450, 0, 2, 50, 50, 3, 10.29%, 0, 0, 2, 0.06, 695, 111424
12465, 0, 2, 50, 50, 3, 10.29%, 0, 0, 2, 0.06, 696, 111424
12480, 0, 2, 50, 50, 3, 10.29%, 0, 0, 2, 0.06, 697, 111424
12674, 0, 2, 51, 51, 3, 10.29%, 0, 0, 2, 0.06, 710, 111424
12867, 0, 2, 52, 52, 3, 10.30%, 0, 0, 2, 0.06, 723, 111474
12883, 0, 2, 52, 52, 3, 10.30%, 0, 0, 2, 0.06, 724, 111474
13079, 0, 2, 53, 53, 3, 10.30%, 0, 0, 2, 0.06, 737, 111474
13410, 0, 2, 54, 54, 3, 10.35%, 0, 0, 2, 0.06, 750, 112082
13426, 0, 2, 54, 54, 3, 10.35%, 0, 0, 2, 0.06, 751, 112082
13627, 0, 2, 55, 55, 3, 10.35%, 0, 0, 2, 0.06, 764, 112085
13642, 0, 2, 55, 55, 3, 10.35%, 0, 0, 2, 0.06, 765, 112085
13666, 0, 2, 55, 55, 3, 10.35%, 0, 0, 2, 0.06, 766, 112085
13864, 0, 2, 56, 56, 3, 10.35%, 0, 0, 2, 0.06, 779, 112085
13880, 0, 2, 56, 56, 3, 10.35%, 0, 0, 2, 0.06, 780, 112085
13895, 0, 2, 56, 56, 3, 10.35%, 0, 0, 2, 0.06, 781, 112085
13911, 0, 2, 56, 56, 3, 10.35%, 0, 0, 2, 0.06, 782, 112085
14137, 0, 2, 57, 57, 3, 10.35%, 0, 0, 2, 0.06, 795, 112086
14152, 0, 2, 57, 57, 3, 10.35%, 0, 0, 2, 0.06, 796, 112086
14167, 0, 2, 57, 57, 3, 10.35%, 0, 0, 2, 0.06, 797, 112086
14387, 0, 2, 58, 58, 3, 10.35%, 0, 0, 2, 0.06, 810, 112086
14586, 0, 2, 59, 59, 3, 10.35%, 0, 0, 2, 0.06, 823, 112086
14601, 0, 2, 59, 59, 3, 10.35%, 0, 0, 2, 0.06, 824, 112086
14616, 0, 2, 59, 59, 3, 10.35%, 0, 0, 2, 0.06, 825, 112086
14632, 0, 2, 59, 59, 3, 10.35%, 0, 0, 2, 0.06, 826, 112086
14989, 0, 2, 60, 60, 3, 10.36%, 0, 0, 2, 0.06, 839, 112167
15006, 0, 2, 60, 60, 3, 10.36%, 0, 0, 2, 0.06, 840, 112167
15033, 0, 2, 60, 60, 3, 10.36%, 0, 0, 2, 0.06, 841, 112167
15259, 0, 2, 61, 61, 3, 10.36%, 0, 0, 2, 0.06, 854, 112168
15630, 0, 2, 62, 62, 3, 10.36%, 0, 0, 2, 0.06, 867, 112168
15648, 0, 2, 62, 62, 3, 10.36%, 0, 0, 2, 0.06, 868, 112168
15665, 0, 2, 62, 62, 3, 10.36%, 0, 0, 2, 0.06, 869, 112168
15683, 0, 2, 62, 62, 3, 10.36%, 0, 0, 2, 0.06, 870, 112168
15701, 0, 2, 62, 62, 3, 10.36%, 0, 0, 2, 0.06, 871, 112168
15949, 0, 2, 63, 63, 3, 10.36%, 0, 0, 2, 0.06, 884, 112171
15967, 0, 2, 63, 63, 3, 10.36%, 0, 0, 2, 0.06, 885, 112171
15984, 0, 2, 63, 63, 3, 10.36%, 0, 0, 2, 0.06, 886, 112171
16357, 0, 2, 64, 64, 3, 10.42%, 0, 0, 2, 0.06, 899, 112773
16590, 0, 2, 65, 65, 3, 10.42%, 0, 0, 2, 0.06, 912, 112774
16959, 0, 2, 66, 66, 3, 10.45%, 0, 0, 2, 0.05, 925, 113174
16977, 0, 2, 66, 66, 3, 10.45%, 0, 0, 2, 0.05, 926, 113174
16994, 0, 2, 66, 66, 3, 10.45%, 0, 0, 2, 0.06, 927, 113174
17012, 0, 2, 66, 66, 3, 10.45%, 0, 0, 2, 0.06, 928, 113174
17239, 0, 2, 67, 67, 3, 10.46%, 0, 0, 2, 0.06, 941, 113180
17255, 0, 2, 67, 67, 3, 10.46%, 0, 0, 2, 0.06, 942, 113180
17746, 0, 2, 68, 68, 3, 10.46%, 0, 0, 2, 0.05, 955, 113181
17773, 0, 2, 68, 68, 3, 10.46%, 0, 0, 2, 0.05, 956, 113181
17800, 0, 2, 68, 68, 3, 10.46%, 0, 0, 2, 0.05, 957, 113181
17818, 0, 2, 68, 68, 3, 10.46%, 0, 0, 2, 0.05, 958, 113181
17835, 0, 2, 68, 68, 3, 10.46%, 0, 0, 2, 0.05, 959, 113181
17852, 0, 2, 68, 68, 3, 10.46%, 0, 0, 2, 0.05, 960, 113181
17869, 0, 2, 68, 68, 3, 10.46%, 0, 0, 2, 0.05, 961, 113181
18268, 0, 2, 69, 69, 3, 10.46%, 0, 0, 2, 0.05, 974, 113230
18285, 0, 2, 69, 69, 3, 10.46%, 0, 0, 2, 0.05, 975, 113230
18518, 0, 2, 70, 70, 3, 10.46%, 0, 0, 2, 0.05, 988, 113230
18544, 0, 2, 70, 70, 3, 10.46%, 0, 0, 2, 0.05, 989, 113230
18562, 0, 2, 70, 70, 3, 10.46%, 0, 0, 2, 0.05, 990, 113230
18809, 0, 2, 71, 71, 3, 10.46%, 0, 0, 2, 0.05, 1003, 113230
18827, 0, 2, 71, 71, 3, 10.46%, 0, 0, 2, 0.05, 1004, 113230
18845, 0, 2, 71, 71, 3, 10.46%, 0, 0, 2, 0.05, 1005, 113230
19235, 0, 2, 72, 72, 3, 10.47%, 0, 0, 2, 0.05, 1018, 113305
19253, 0, 2, 72, 72, 3, 10.47%, 0, 0, 2, 0.05, 1019, 113305
19270, 0, 2, 72, 72, 3, 10.47%, 0, 0, 2, 0.05, 1020, 113305
19288, 0, 2, 72, 72, 3, 10.47%, 0, 0, 2, 0.05, 1021, 113305
19304, 0, 2, 72, 72, 3, 10.47%, 0, 0, 2, 0.05, 1022, 113305
19320, 0, 2, 72, 72, 3, 10.47%, 0, 0, 2, 0.05, 1023, 113305
19336, 0, 2, 72, 72, 3, 10.47%, 0, 0, 2, 0.05, 1024, 113305
19354, 0, 2, 72, 72, 3, 10.47%, 0, 0, 2, 0.05, 1025, 113305
19371, 0, 2, 72, 72, 3, 10.47%, 0, 0, 2, 0.05, 1026, 113305
19756, 0, 2, 73, 73, 3, 10.47%, 0, 0, 2, 0.05, 1039, 113305
19776, 0, 2, 73, 73, 3, 10.47%, 0, 0, 2, 0.05, 1040, 113305
20040, 0, 2, 74, 74, 3, 10.47%, 0, 0, 2, 0.05, 1053, 113311
20445, 0, 2, 75, 75, 3, 10.47%, 0, 0, 2, 0.05, 1066, 113311
20467, 0, 2, 75, 75, 3, 10.47%, 0, 0, 2, 0.05, 1067, 113311
20487, 0, 2, 75, 75, 3, 10.47%, 0, 0, 2, 0.05, 1068, 113311
20889, 0, 2, 76, 76, 3, 10.47%, 0, 0, 2, 0.05, 1081, 113311
20907, 0, 2, 76, 76, 3, 10.47%, 0, 0, 2, 0.05, 1082, 113311
20927, 0, 2, 76, 76, 3, 10.47%, 0, 0, 2, 0.05, 1083, 113311
20947, 0, 2, 76, 76, 3, 10.47%, 0, 0, 2, 0.05, 1084, 113311
20968, 0, 2, 76, 76, 3, 10.47%, 0, 0, 2, 0.05, 1085, 113311
20988, 0, 2, 76, 76, 3, 10.47%, 0, 0, 2, 0.05, 1086, 113311
21017, 0, 2, 76, 76, 3, 10.47%, 0, 0, 2, 0.05, 1087, 113311
21284, 0, 2, 77, 77, 3, 10.47%, 0, 0, 2, 0.05, 1100, 113311
21676, 0, 2, 78, 78, 3, 10.47%, 0, 0, 2, 0.05, 1113, 113370
21697, 0, 2, 78, 78, 3, 10.47%, 0, 0, 2, 0.05, 1114, 113370
21727, 0, 2, 78, 78, 3, 10.47%, 0, 0, 2, 0.05, 1115, 113370
21747, 0, 2, 78, 78, 3, 10.47%, 0, 0, 2, 0.05, 1116, 113370
21767, 0, 2, 78, 78, 3, 10.47%, 0, 0, 2, 0.05, 1117, 113370
21788, 0, 2, 78, 78, 3, 10.47%, 0, 0, 2, 0.05, 1118, 113370
22080, 0, 2, 79, 79, 3, 10.47%, 0, 0, 2, 0.05, 1131, 113370
22101, 0, 2, 79, 79, 3, 10.47%, 0, 0, 2, 0.05, 1132, 113370
22122, 0, 2, 79, 79, 3, 10.47%, 0, 0, 2, 0.05, 1133, 113370
22142, 0, 2, 79, 79, 3, 10.47%, 0, 0, 2, 0.05, 1134, 113370
22163, 0, 2, 79, 79, 3, 10.47%, 0, 0, 2, 0.05, 1135, 113370
22183, 0, 2, 79, 79, 3, 10.47%, 0, 0, 2, 0.05, 1136, 113370
22204, 0, 2, 79, 79, 3, 10.47%, 0, 0, 2, 0.05, 1137, 113370
22225, 0, 2, 79, 79, 3, 10.47%, 0, 0, 2, 0.05, 1138, 113370
22246, 0, 2, 79, 79, 3, 10.47%, 0, 0, 2, 0.05, 1139, 113370
22698, 0, 2, 80, 80, 3, 10.47%, 0, 0, 2, 0.05, 1152, 113380
22720, 0, 2, 80, 80, 3, 10.47%, 0, 0, 2, 0.05, 1153, 113380
22740, 0, 2, 80, 80, 3, 10.47%, 0, 0, 2, 0.05, 1154, 113380
23274, 0, 2, 81, 81, 3, 10.55%, 0, 0, 2, 0.05, 1167, 114197
23305, 0, 2, 81, 81, 3, 10.55%, 0, 0, 2, 0.04, 1168, 114197
23325, 0, 2, 81, 81, 3, 10.55%, 0, 0, 2, 0.04, 1169, 114197
23715, 0, 2, 82, 82, 3, 10.55%, 0, 0, 2, 0.04, 1182, 114197
24136, 0, 2, 83, 83, 3, 10.55%, 0, 0, 2, 0.04, 1195, 114251
24166, 0, 2, 83, 83, 3, 10.55%, 0, 0, 2, 0.04, 1196, 114251
24187, 0, 2, 83, 83, 3, 10.55%, 0, 0, 2, 0.04, 1197, 114251
24207, 0, 2, 83, 83, 3, 10.55%, 0, 0, 2, 0.04, 1198, 114251
24227, 0, 2, 83, 83, 3, 10.55%, 0, 0, 2, 0.04, 1199, 114251
24247, 0, 2, 83, 83, 3, 10.55%, 0, 0, 2, 0.04, 1200, 114251
24517, 0, 2, 84, 84, 3, 10.55%, 0, 0, 2, 0.04, 1213, 114258
24537, 0, 2, 84, 84, 3, 10.55%, 0, 0, 2, 0.04, 1214, 114258
24557, 0, 2, 84, 84, 3, 10.55%, 0, 0, 2, 0.04, 1215, 114258
24578, 0, 2, 84, 84, 3, 10.55%, 0, 0, 2, 0.05, 1216, 114258
24598, 0, 2, 84, 84, 3, 10.55%, 0, 0, 2, 0.05, 1217, 114258
24619, 0, 2, 84, 84, 3, 10.55%, 0, 0, 2, 0.05, 1218, 114258
24641, 0, 2, 84, 84, 3, 10.55%, 0, 0, 2, 0.05, 1219, 114258
24671, 0, 2, 84, 84, 3, 10.55%, 0, 0, 2, 0.04, 1220, 114258
24692, 0, 2, 84, 84, 3, 10.55%, 0, 0, 2, 0.04, 1221, 114258
24722, 0, 2, 84, 84, 3, 10.55%, 0, 0, 2, 0.04, 1222, 114258
25162, 0, 2, 85, 85, 3, 10.56%, 0, 0, 2, 0.04, 1235, 114305
25180, 0, 2, 85, 85, 3, 10.56%, 0, 0, 2, 0.04, 1236, 114305
25201, 0, 2, 85, 85, 3, 10.56%, 0, 0, 2, 0.04, 1237, 114305
25222, 0, 2, 85, 85, 3, 10.56%, 0, 0, 2, 0.04, 1238, 114305
25242, 0, 2, 85, 85, 3, 10.56%, 0, 0, 2, 0.04, 1239, 114305
25768, 0, 2, 86, 86, 3, 10.56%, 0, 0, 2, 0.04, 1252, 114314
25790, 0, 2, 86, 86, 3, 10.56%, 0, 0, 2, 0.04, 1253, 114314
25811, 0, 2, 86, 86, 3, 10.56%, 0, 0, 2, 0.04, 1254, 114314
26176, 0, 2, 87, 87, 3, 10.56%, 0, 0, 2, 0.04, 1265, 114314
26199, 0, 2, 87, 87, 3, 10.56%, 0, 0, 2, 0.04, 1266, 114314
26218, 0, 2, 87, 87, 3, 10.56%, 0, 0, 2, 0.04, 1267, 114314
26238, 0, 2, 87, 87, 3, 10.56%, 0, 0, 2, 0.04, 1268, 114314
26484, 0, 2, 88, 88, 3, 10.56%, 0, 0, 2, 0.04, 1281, 114315
26503, 0, 2, 88, 88, 3, 10.56%, 0, 0, 2, 0.05, 1282, 114315
26926, 0, 2, 89, 89, 3, 10.56%, 0, 0, 2, 0.04, 1295, 114315
26955, 0, 2, 89, 89, 3, 10.56%, 0, 0, 2, 0.04, 1296, 114315
26974, 0, 2, 89, 89, 3, 10.56%, 0, 0, 2, 0.04, 1297, 114315
27003, 0, 2, 89, 89, 3, 10.56%, 0, 0, 2, 0.04, 1298, 114315
27022, 0, 2, 89, 89, 3, 10.56%, 0, 0, 2, 0.04, 1299, 114315
27414, 0, 2, 90, 90, 3, 10.56%, 0, 0, 2, 0.04, 1312, 114315
27433, 0, 2, 90, 90, 3, 10.56%, 0, 0, 2, 0.04, 1313, 114315
27452, 0, 2, 90, 90, 3, 10.56%, 0, 0, 2, 0.04, 1314, 114315
27484, 0, 2, 90, 90, 3, 10.56%, 0, 0, 2, 0.04, 1315, 114315
27504, 0, 2, 90, 90, 3, 10.56%, 0, 0, 2, 0.04, 1316, 114315
27523, 0, 2, 90, 90, 3, 10.56%, 0, 0, 2, 0.04, 1317, 114315
27923, 0, 2, 91, 91, 3, 10.56%, 0, 0, 2, 0.04, 1330, 114316
27942, 0, 2, 91, 91, 3, 10.56%, 0, 0, 2, 0.04, 1331, 114316
28181, 0, 2, 92, 92, 3, 10.56%, 0, 0, 2, 0.04, 1344, 114316
28200, 0, 2, 92, 92, 3, 10.56%, 0, 0, 2, 0.05, 1345, 114316
28219, 0, 2, 92, 92, 3, 10.56%, 0, 0, 2, 0.05, 1346, 114316
28248, 0, 2, 92, 92, 3, 10.56%, 0, 0, 2, 0.05, 1347, 114316
28679, 0, 2, 93, 93, 3, 10.56%, 0, 0, 2, 0.04, 1360, 114319
28698, 0, 2, 93, 93, 3, 10.56%, 0, 0, 2, 0.04, 1361, 114319
28716, 0, 2, 93, 93, 3, 10.56%, 0, 0, 2, 0.05, 1362, 114319
28735, 0, 2, 93, 93, 3, 10.56%, 0, 0, 2, 0.05, 1363, 114319
28754, 0, 2, 93, 93, 3, 10.56%, 0, 0, 2, 0.05, 1364, 114319
28773, 0, 2, 93, 93, 3, 10.56%, 0, 0, 2, 0.05, 1365, 114319
28792, 0, 2, 93, 93, 3, 10.56%, 0, 0, 2, 0.05, 1366, 114319
28811, 0, 2, 93, 93, 3, 10.56%, 0, 0, 2, 0.05, 1367, 114319
28840, 0, 2, 93, 93, 3, 10.56%, 0, 0, 2, 0.05, 1368, 114319
29197, 0, 2, 94, 94, 3, 10.57%, 0, 0, 2, 0.05, 1381, 114465
29215, 0, 2, 94, 94, 3, 10.57%, 0, 0, 2, 0.05, 1382, 114465
29234, 0, 2, 94, 94, 3, 10.57%, 0, 0, 2, 0.05, 1383, 114465
29254, 0, 2, 94, 94, 3, 10.57%, 0, 0, 2, 0.05, 1384, 114465
29283, 0, 2, 94, 94, 3, 10.57%, 0, 0, 2, 0.05, 1385, 114465
29302, 0, 2, 94, 94, 3, 10.57%, 0, 0, 2, 0.05, 1386, 114465
29320, 0, 2, 94, 94, 3, 10.57%, 0, 0, 2, 0.05, 1387, 114465
29611, 0, 2, 95, 95, 3, 10.59%, 0, 0, 2, 0.05, 1400, 114614
29640, 0, 2, 95, 95, 3, 10.59%, 0, 0, 2, 0.05, 1401, 114614
29659, 0, 2, 95, 95, 3, 10.59%, 0, 0, 2, 0.05, 1402, 114614
29678, 0, 2, 95, 95, 3, 10.59%, 0, 0, 2, 0.05, 1403, 114614
29697, 0, 2, 95, 95, 3, 10.59%, 0, 0, 2, 0.05, 1404, 114614
29716, 0, 2, 95, 95, 3, 10.59%, 0, 0, 2, 0.05, 1405, 114614
29964, 0, 2, 96, 96, 3, 10.59%, 0, 0, 2, 0.05, 1418, 114688
29983, 0, 2, 96, 96, 3, 10.59%, 0, 0, 2, 0.05, 1419, 114688
30002, 0, 2, 96, 96, 3, 10.59%, 0, 0, 2, 0.05, 1420, 114688
30022, 0, 2, 96, 96, 3, 10.59%, 0, 0, 2, 0.05, 1421, 114688
30040, 0, 2, 96, 96, 3, 10.59%, 0, 0, 2, 0.05, 1422, 114688
30059, 0, 2, 96, 96, 3, 10.59%, 0, 0, 2, 0.05, 1423, 114688
30089, 0, 2, 96, 96, 3, 10.59%, 0, 0, 2, 0.05, 1424, 114688
30108, 0, 2, 96, 96, 3, 10.59%, 0, 0, 2, 0.05, 1425, 114688
30126, 0, 2, 96, 96, 3, 10.59%, 0, 0, 2, 0.05, 1426, 114688
30146, 0, 2, 96, 96, 3, 10.59%, 0, 0, 2, 0.05, 1427, 114688
30165, 0, 2, 96, 96, 3, 10.59%, 0, 0, 2, 0.05, 1428, 114688
30554, 0, 2, 97, 97, 3, 10.62%, 0, 0, 2, 0.05, 1441, 114951
30573, 0, 2, 97, 97, 3, 10.62%, 0, 0, 2, 0.05, 1442, 114951
30592, 0, 2, 97, 97, 3, 10.62%, 0, 0, 2, 0.05, 1443, 114951
30611, 0, 2, 97, 97, 3, 10.62%, 0, 0, 2, 0.05, 1444, 114951
30629, 0, 2, 97, 97, 3, 10.62%, 0, 0, 2, 0.05, 1445, 114951
30988, 0, 2, 98, 98, 3, 10.62%, 0, 0, 2, 0.05, 1458, 114957
31009, 0, 2, 98, 98, 3, 10.62%, 0, 0, 2, 0.05, 1459, 114957
31029, 0, 2, 98, 98, 3, 10.62%, 0, 0, 2, 0.05, 1460, 114957
31049, 0, 2, 98, 98, 3, 10.62%, 0, 0, 2, 0.05, 1461, 114957
31395, 0, 2, 99, 99, 3, 10.62%, 0, 0, 2, 0.05, 1474, 114957
31414, 0, 2, 99, 99, 3, 10.62%, 0, 0, 2, 0.05, 1475, 114957
31433, 0, 2, 99, 99, 3, 10.62%, 0, 0, 2, 0.05, 1476, 114957
31451, 0, 2, 99, 99, 3, 10.62%, 0, 0, 2, 0.05, 1477, 114957
31470, 0, 2, 99, 99, 3, 10.62%, 0, 0, 2, 0.05, 1478, 114957
31490, 0, 2, 99, 99, 3, 10.62%, 0, 0, 2, 0.05, 1479, 114957
31867, 0, 2, 100, 100, 3, 10.62%, 0, 0, 2, 0.05, 1492, 114957
31886, 0, 2, 100, 100, 3, 10.62%, 0, 0, 2, 0.05, 1493, 114957
31906, 0, 2, 100, 100, 3, 10.62%, 0, 0, 2, 0.05, 1494, 114957
31925, 0, 2, 100, 100, 3, 10.62%, 0, 0, 2, 0.05, 1495, 114957
32182, 0, 2, 101, 101, 3, 10.62%, 0, 0, 2, 0.05, 1508, 114957
32679, 0, 2, 102, 102, 3, 10.62%, 0, 0, 2, 0.05, 1521, 114957
33052, 0, 2, 103, 103, 3, 10.62%, 0, 0, 2, 0.05, 1534, 114957
33071, 0, 2, 103, 103, 3, 10.62%, 0, 0, 2, 0.05, 1535, 114957
33090, 0, 2, 103, 103, 3, 10.62%, 0, 0, 2, 0.05, 1536, 114957
33110, 0, 2, 103, 103, 3, 10.62%, 0, 0, 2, 0.05, 1537, 114957
33129, 0, 2, 103, 103, 3, 10.62%, 0, 0, 2, 0.05, 1538, 114957
33148, 0, 2, 103, 103, 3, 10.62%, 0, 0, 2, 0.05, 1539, 114957
33178, 0, 2, 103, 103, 3, 10.62%, 0, 0, 2, 0.05, 1540, 114957
33206, 0, 2, 103, 103, 3, 10.62%, 0, 0, 2, 0.05, 1541, 114957
33225, 0, 2, 103, 103, 3, 10.62%, 0, 0, 2, 0.05, 1542, 114957
33244, 0, 2, 103, 103, 3, 10.62%, 0, 0, 2, 0.05, 1543, 114957
33263, 0, 2, 103, 103, 3, 10.62%, 0, 0, 2, 0.05, 1544, 114957
33282, 0, 2, 103, 103, 3, 10.62%, 0, 0, 2, 0.05, 1545, 114957
33312, 0, 2, 103, 103, 3, 10.62%, 0, 0, 2, 0.05, 1546, 114957
33343, 0, 2, 103, 103, 3, 10.62%, 0, 0, 2, 0.05, 1547, 114957
33616, 0, 2, 104, 104, 3, 10.62%, 0, 0, 2, 0.05, 1560, 114957
33635, 0, 2, 104, 104, 3, 10.62%, 0, 0, 2, 0.05, 1561, 114957
33654, 0, 2, 104, 104, 3, 10.62%, 0, 0, 2, 0.05, 1562, 114957
34023, 0, 2, 105, 105, 3, 10.62%, 0, 0, 2, 0.05, 1575, 114957
34042, 0, 2, 105, 105, 3, 10.62%, 0, 0, 2, 0.05, 1576, 114957
34060, 0, 2, 105, 105, 3, 10.62%, 0, 0, 2, 0.05, 1577, 114957
34080, 0, 2, 105, 105, 3, 10.62%, 0, 0, 2, 0.05, 1578, 114957
34108, 0, 2, 105, 105, 3, 10.62%, 0, 0, 2, 0.05, 1579, 114957
34391, 0, 2, 106, 106, 3, 10.62%, 0, 0, 2, 0.05, 1592, 114975
34414, 0, 2, 106, 106, 3, 10.62%, 0, 0, 2, 0.05, 1593, 114975
34692, 0, 2, 107, 107, 3, 10.62%, 0, 0, 2, 0.05, 1606, 114975
34711, 0, 2, 107, 107, 3, 10.62%, 0, 0, 2, 0.05, 1607, 114975
35234, 0, 2, 108, 108, 3, 10.62%, 0, 0, 2, 0.05, 1620, 114977
35253, 0, 2, 108, 108, 3, 10.62%, 0, 0, 2, 0.05, 1621, 114977
35282, 0, 2, 108, 108, 3, 10.62%, 0, 0, 2, 0.05, 1622, 114977
35301, 0, 2, 108, 108, 3, 10.62%, 0, 0, 2, 0.05, 1623, 114977
35320, 0, 2, 108, 108, 3, 10.62%, 0, 0, 2, 0.05, 1624, 114977
35350, 0, 2, 108, 108, 3, 10.62%, 0, 0, 2, 0.05, 1625, 114977
35379, 0, 2, 108, 108, 3, 10.62%, 0, 0, 2, 0.04, 1626, 114977
35398, 0, 2, 108, 108, 3, 10.62%, 0, 0, 2, 0.05, 1627, 114977
35417, 0, 2, 108, 108, 3, 10.62%, 0, 0, 2, 0.05, 1628, 114977
35437, 0, 2, 108, 108, 3, 10.62%, 0, 0, 2, 0.05, 1629, 114977
35456, 0, 2, 108, 108, 3, 10.62%, 0, 0, 2, 0.05, 1630, 114977
35475, 0, 2, 108, 108, 3, 10.62%, 0, 0, 2, 0.05, 1631, 114977
35494, 0, 2, 108, 108, 3, 10.62%, 0, 0, 2, 0.05, 1632, 114977
35513, 0, 2, 108, 108, 3, 10.62%, 0, 0, 2, 0.05, 1633, 114977
35533, 0, 2, 108, 108, 3, 10.62%, 0, 0, 2, 0.05, 1634, 114977
35552, 0, 2, 108, 108, 3, 10.62%, 0, 0, 2, 0.05, 1635, 114977
35572, 0, 2, 108, 108, 3, 10.62%, 0, 0, 2, 0.05, 1636, 114977
35589, 0, 2, 108, 108, 3, 10.62%, 0, 0, 2, 0.05, 1637, 114977
35608, 0, 2, 108, 108, 3, 10.62%, 0, 0, 2, 0.05, 1638, 114977
35627, 0, 2, 108, 108, 3, 10.62%, 0, 0, 2, 0.05, 1639, 114977
35646, 0, 2, 108, 108, 3, 10.62%, 0, 0, 2, 0.05, 1640, 114977
35898, 0, 2, 109, 109, 3, 10.62%, 0, 0, 2, 0.05, 1653, 114977
35918, 0, 2, 109, 109, 3, 10.62%, 0, 0, 2, 0.05, 1654, 114977
35948, 0, 2, 109, 109, 3, 10.62%, 0, 0, 2, 0.05, 1655, 114977
35967, 0, 2, 109, 109, 3, 10.62%, 0, 0, 2, 0.05, 1656, 114977
35986, 0, 2, 109, 109, 3, 10.62%, 0, 0, 2, 0.05, 1657, 114977
36005, 0, 2, 109, 109, 3, 10.62%, 0, 0, 2, 0.05, 1658, 114977
36255, 0, 2, 110, 110, 3, 10.62%, 0, 0, 2, 0.05, 1671, 114998
36274, 0, 2, 110, 110, 3, 10.62%, 0, 0, 2, 0.05, 1672, 114998
36305, 0, 2, 110, 110, 3, 10.62%, 0, 0, 2, 0.05, 1673, 114998
36327, 0, 2, 110, 110, 3, 10.62%, 0, 0, 2, 0.05, 1674, 114998
36718, 0, 2, 111, 111, 3, 10.62%, 0, 0, 2, 0.05, 1687, 114998
36737, 0, 2, 111, 111, 3, 10.62%, 0, 0, 2, 0.05, 1688, 114998
37113, 0, 2, 112, 112, 3, 10.62%, 0, 0, 2, 0.05, 1701, 114998
37132, 0, 2, 112, 112, 3, 10.62%, 0, 0, 2, 0.05, 1702, 114998
37150, 0, 2, 112, 112, 3, 10.62%, 0, 0, 2, 0.05, 1703, 114998
37169, 0, 2, 112, 112, 3, 10.62%, 0, 0, 2, 0.05, 1704, 114998
37189, 0, 2, 112, 112, 3, 10.62%, 0, 0, 2, 0.05, 1705, 114998
37208, 0, 2, 112, 112, 3, 10.62%, 0, 0, 2, 0.05, 1706, 114998
37228, 0, 2, 112, 112, 3, 10.62%, 0, 0, 2, 0.05, 1707, 114998
37247, 0, 2, 112, 112, 3, 10.62%, 0, 0, 2, 0.05, 1708, 114998
37266, 0, 2, 112, 112, 3, 10.62%, 0, 0, 2, 0.05, 1709, 114998
37285, 0, 2, 112, 112, 3, 10.62%, 0, 0, 2, 0.05, 1710, 114998
37304, 0, 2, 112, 112, 3, 10.62%, 0, 0, 2, 0.05, 1711, 114998
37323, 0, 2, 112, 112, 3, 10.62%, 0, 0, 2, 0.05, 1712, 114998
37717, 0, 2, 113, 113, 3, 10.63%, 0, 0, 2, 0.05, 1725, 115023
37736, 0, 2, 113, 113, 3, 10.63%, 0, 0, 2, 0.05, 1726, 115023
37757, 0, 2, 113, 113, 3, 10.63%, 0, 0, 2, 0.05, 1727, 115023
37783, 0, 2, 113, 113, 3, 10.63%, 0, 0, 2, 0.05, 1728, 115023
37803, 0, 2, 113, 113, 3, 10.63%, 0, 0, 2, 0.05, 1729, 115023
37822, 0, 2, 113, 113, 3, 10.63%, 0, 0, 2, 0.05, 1730, 115023
38103, 0, 2, 114, 114, 3, 10.63%, 0, 0, 2, 0.05, 1743, 115023
38123, 0, 2, 114, 114, 3, 10.63%, 0, 0, 2, 0.05, 1744, 115023
38143, 0, 2, 114, 114, 3, 10.63%, 0, 0, 2, 0.05, 1745, 115023
38162, 0, 2, 114, 114, 3, 10.63%, 0, 0, 2, 0.05, 1746, 115023
38182, 0, 2, 114, 114, 3, 10.63%, 0, 0, 2, 0.05, 1747, 115023
38209, 0, 2, 114, 114, 3, 10.63%, 0, 0, 2, 0.05, 1748, 115023
38229, 0, 2, 114, 114, 3, 10.63%, 0, 0, 2, 0.05, 1749, 115023
38248, 0, 2, 114, 114, 3, 10.63%, 0, 0, 2, 0.05, 1750, 115023
38267, 0, 2, 114, 114, 3, 10.63%, 0, 0, 2, 0.05, 1751, 115023
38286, 0, 2, 114, 114, 3, 10.63%, 0, 0, 2, 0.05, 1752, 115023
38554, 0, 2, 115, 115, 3, 10.63%, 0, 0, 2, 0.05, 1765, 115023
38805, 0, 2, 116, 116, 3, 10.65%, 0, 0, 2, 0.05, 1778, 115274
38824, 0, 2, 116, 116, 3, 10.65%, 0, 0, 2, 0.05, 1779, 115274
38843, 0, 2, 116, 116, 3, 10.65%, 0, 0, 2, 0.05, 1780, 115274
38864, 0, 2, 116, 116, 3, 10.65%, 0, 0, 2, 0.05, 1781, 115274
38884, 0, 2, 116, 116, 3, 10.65%, 0, 0, 2, 0.05, 1782, 115274
38903, 0, 2, 116, 116, 3, 10.65%, 0, 0, 2, 0.05, 1783, 115274
38923, 0, 2, 116, 116, 3, 10.65%, 0, 0, 2, 0.05, 1784, 115274
38953, 0, 2, 116, 116, 3, 10.65%, 0, 0, 2, 0.05, 1785, 115274
39326, 0, 2, 117, 117, 3, 10.65%, 0, 0, 2, 0.05, 1798, 115274
39345, 0, 2, 117, 117, 3, 10.65%, 0, 0, 2, 0.05, 1799, 115274
39364, 0, 2, 117, 117, 3, 10.65%, 0, 0, 2, 0.05, 1800, 115274
39383, 0, 2, 117, 117, 3, 10.65%, 0, 0, 2, 0.05, 1801, 115274
39402, 0, 2, 117, 117, 3, 10.65%, 0, 0, 2, 0.05, 1802, 115274
39422, 0, 2, 117, 117, 3, 10.65%, 0, 0, 2, 0.05, 1803, 115274
39441, 0, 2, 117, 117, 3, 10.65%, 0, 0, 2, 0.05, 1804, 115274
39990, 0, 2, 118, 118, 3, 10.65%, 0, 0, 2, 0.05, 1817, 115274
40010, 0, 2, 118, 118, 3, 10.65%, 0, 0, 2, 0.05, 1818, 115274
40029, 0, 2, 118, 118, 3, 10.65%, 0, 0, 2, 0.05, 1819, 115274
40049, 0, 2, 118, 118, 3, 10.65%, 0, 0, 2, 0.05, 1820, 115274
40068, 0, 2, 118, 118, 3, 10.65%, 0, 0, 2, 0.05, 1821, 115274
40088, 0, 2, 118, 118, 3, 10.65%, 0, 0, 2, 0.05, 1822, 115274
40437, 0, 2, 119, 119, 3, 10.65%, 0, 0, 2, 0.05, 1835, 115274
40457, 0, 2, 119, 119, 3, 10.65%, 0, 0, 2, 0.05, 1836, 115274
40476, 0, 2, 119, 119, 3, 10.65%, 0, 0, 2, 0.05, 1837, 115274
40514, 0, 2, 119, 119, 3, 10.65%, 0, 0, 2, 0.05, 1838, 115274
40534, 0, 2, 119, 119, 3, 10.65%, 0, 0, 2, 0.05, 1839, 115274
40553, 0, 2, 119, 119, 3, 10.65%, 0, 0, 2, 0.05, 1840, 115274
40574, 0, 2, 119, 119, 3, 10.65%, 0, 0, 2, 0.05, 1841, 115274
40593, 0, 2, 119, 119, 3, 10.65%, 0, 0, 2, 0.05, 1842, 115274
40614, 0, 2, 119, 119, 3, 10.65%, 0, 0, 2, 0.05, 1843, 115274
40644, 0, 2, 119, 119, 3, 10.65%, 0, 0, 2, 0.05, 1844, 115274
40664, 0, 2, 119, 119, 3, 10.65%, 0, 0, 2, 0.05, 1845, 115274
40684, 0, 2, 119, 119, 3, 10.65%, 0, 0, 2, 0.05, 1846, 115274
40704, 0, 2, 119, 119, 3, 10.65%, 0, 0, 2, 0.05, 1847, 115274
40724, 0, 2, 119, 119, 3, 10.65%, 0, 0, 2, 0.05, 1848, 115274
40743, 0, 2, 119, 119, 3, 10.65%, 0, 0, 2, 0.05, 1849, 115274
40763, 0, 2, 119, 119, 3, 10.65%, 0, 0, 2, 0.05, 1850, 115274
40783, 0, 2, 119, 119, 3, 10.65%, 0, 0, 2, 0.05, 1851, 115274
40803, 0, 2, 119, 119, 3, 10.65%, 0, 0, 2, 0.05, 1852, 115274
40824, 0, 2, 119, 119, 3, 10.65%, 0, 0, 2, 0.05, 1853, 115274
40845, 0, 2, 119, 119, 3, 10.65%, 0, 0, 2, 0.05, 1854, 115274
40865, 0, 2, 119, 119, 3, 10.65%, 0, 0, 2, 0.05, 1855, 115274
40884, 0, 2, 119, 119, 3, 10.65%, 0, 0, 2, 0.05, 1856, 115274
40904, 0, 2, 119, 119, 3, 10.65%, 0, 0, 2, 0.05, 1857, 115274
40923, 0, 2, 119, 119, 3, 10.65%, 0, 0, 2, 0.05, 1858, 115274
40942, 0, 2, 119, 119, 3, 10.65%, 0, 0, 2, 0.05, 1859, 115274
40962, 0, 2, 119, 119, 3, 10.65%, 0, 0, 2, 0.05, 1860, 115274
40981, 0, 2, 119, 119, 3, 10.65%, 0, 0, 2, 0.05, 1861, 115274
41010, 0, 2, 119, 119, 3, 10.65%, 0, 0, 2, 0.05, 1862, 115274
41030, 0, 2, 119, 119, 3, 10.65%, 0, 0, 2, 0.05, 1863, 115274
41050, 0, 2, 119, 119, 3, 10.65%, 0, 0, 2, 0.05, 1864, 115274
41069, 0, 2, 119, 119, 3, 10.65%, 0, 0, 2, 0.05, 1865, 115274
41089, 0, 2, 119, 119, 3, 10.65%, 0, 0, 2, 0.05, 1866, 115274
41109, 0, 2, 119, 119, 3, 10.65%, 0, 0, 2, 0.05, 1867, 115274
41129, 0, 2, 119, 119, 3, 10.65%, 0, 0, 2, 0.05, 1868, 115274
41148, 0, 2, 119, 119, 3, 10.65%, 0, 0, 2, 0.05, 1869, 115274
41168, 0, 2, 119, 119, 3, 10.65%, 0, 0, 2, 0.05, 1870, 115274
41187, 0, 2, 119, 119, 3, 10.65%, 0, 0, 2, 0.05, 1871, 115274
41207, 0, 2, 119, 119, 3, 10.65%, 0, 0, 2, 0.05, 1872, 115274
41236, 0, 2, 119, 119, 3, 10.65%, 0, 0, 2, 0.05, 1873, 115274
41256, 0, 2, 119, 119, 3, 10.65%, 0, 0, 2, 0.05, 1874, 115274
41274, 0, 2, 119, 119, 3, 10.65%, 0, 0, 2, 0.05, 1875, 115274
41294, 0, 2, 119, 119, 3, 10.65%, 0, 0, 2, 0.05, 1876, 115274
41313, 0, 2, 119, 119, 3, 10.65%, 0, 0, 2, 0.05, 1877, 115274
41332, 0, 2, 119, 119, 3, 10.65%, 0, 0, 2, 0.05, 1878, 115274
41352, 0, 2, 119, 119, 3, 10.65%, 0, 0, 2, 0.05, 1879, 115274
41371, 0, 2, 119, 119, 3, 10.65%, 0, 0, 2, 0.05, 1880, 115274
41391, 0, 2, 119, 119, 3, 10.65%, 0, 0, 2, 0.05, 1881, 115274
41411, 0, 2, 119, 119, 3, 10.65%, 0, 0, 2, 0.05, 1882, 115274
41432, 0, 2, 119, 119, 3, 10.65%, 0, 0, 2, 0.05, 1883, 115274
41451, 0, 2, 119, 119, 3, 10.65%, 0, 0, 2, 0.05, 1884, 115274
41473, 0, 2, 119, 119, 3, 10.65%, 0, 0, 2, 0.05, 1885, 115274
41492, 0, 2, 119, 119, 3, 10.65%, 0, 0, 2, 0.05, 1886, 115274
41531, 0, 2, 119, 119, 3, 10.65%, 0, 0, 2, 0.05, 1887, 115274
41551, 0, 2, 119, 119, 3, 10.65%, 0, 0, 2, 0.05, 1888, 115274
41571, 0, 2, 119, 119, 3, 10.65%, 0, 0, 2, 0.05, 1889, 115274
41591, 0, 2, 119, 119, 3, 10.65%, 0, 0, 2, 0.05, 1890, 115274
41611, 0, 2, 119, 119, 3, 10.65%, 0, 0, 2, 0.05, 1891, 115274
41630, 0, 2, 119, 119, 3, 10.65%, 0, 0, 2, 0.05, 1892, 115274
41650, 0, 2, 119, 119, 3, 10.65%, 0, 0, 2, 0.05, 1893, 115274
41669, 0, 2, 119, 119, 3, 10.65%, 0, 0, 2, 0.05, 1894, 115274
41688, 0, 2, 119, 119, 3, 10.65%, 0, 0, 2, 0.05, 1895, 115274
41707, 0, 2, 119, 119, 3, 10.65%, 0, 0, 2, 0.05, 1896, 115274
41727, 0, 2, 119, 119, 3, 10.65%, 0, 0, 2, 0.05, 1897, 115274
41747, 0, 2, 119, 119, 3, 10.65%, 0, 0, 2, 0.05, 1898, 115274
41776, 0, 2, 119, 119, 3, 10.65%, 0, 0, 2, 0.05, 1899, 115274
41796, 0, 2, 119, 119, 3, 10.65%, 0, 0, 2, 0.05, 1900, 115274
41815, 0, 2, 119, 119, 3, 10.65%, 0, 0, 2, 0.05, 1901, 115274
41834, 0, 2, 119, 119, 3, 10.65%, 0, 0, 2, 0.05, 1902, 115274
41853, 0, 2, 119, 119, 3, 10.65%, 0, 0, 2, 0.05, 1903, 115274
41875, 0, 2, 119, 119, 3, 10.65%, 0, 0, 2, 0.05, 1904, 115274
41894, 0, 2, 119, 119, 3, 10.65%, 0, 0, 2, 0.05, 1905, 115274
41914, 0, 2, 119, 119, 3, 10.65%, 0, 0, 2, 0.05, 1906, 115274
42178, 0, 2, 120, 120, 3, 10.65%, 0, 0, 2, 0.05, 1919, 115274
42198, 0, 2, 120, 120, 3, 10.65%, 0, 0, 2, 0.05, 1920, 115274
42218, 0, 2, 120, 120, 3, 10.65%, 0, 0, 2, 0.05, 1921, 115274
42501, 0, 2, 121, 121, 3, 10.65%, 0, 0, 2, 0.05, 1934, 115274
42521, 0, 2, 121, 121, 3, 10.65%, 0, 0, 2, 0.05, 1935, 115274
42540, 0, 2, 121, 121, 3, 10.65%, 0, 0, 2, 0.05, 1936, 115274
42560, 0, 2, 121, 121, 3, 10.65%, 0, 0, 2, 0.05, 1937, 115274
42579, 0, 2, 121, 121, 3, 10.65%, 0, 0, 2, 0.05, 1938, 115274
42599, 0, 2, 121, 121, 3, 10.65%, 0, 0, 2, 0.05, 1939, 115274
42854, 0, 2, 122, 122, 3, 10.65%, 0, 0, 2, 0.05, 1952, 115285
42873, 0, 2, 122, 122, 3, 10.65%, 0, 0, 2, 0.05, 1953, 115285
42894, 0, 2, 122, 122, 3, 10.65%, 0, 0, 2, 0.05, 1954, 115285
42913, 0, 2, 122, 122, 3, 10.65%, 0, 0, 2, 0.05, 1955, 115285
43284, 0, 2, 123, 123, 3, 10.89%, 0, 0, 2, 0.05, 1968, 117836
43304, 0, 2, 123, 123, 3, 10.89%, 0, 0, 2, 0.05, 1969, 117836
43324, 0, 2, 123, 123, 3, 10.89%, 0, 0, 2, 0.05, 1970, 117836
44402, 0, 2, 124, 124, 3, 10.89%, 0, 0, 2, 0.05, 1983, 117836
44422, 0, 2, 124, 124, 3, 10.89%, 0, 0, 2, 0.05, 1984, 117836
44453, 0, 2, 124, 124, 3, 10.89%, 0, 0, 2, 0.05, 1985, 117836
44473, 0, 2, 124, 124, 3, 10.89%, 0, 0, 2, 0.05, 1986, 117836
44492, 0, 2, 124, 124, 3, 10.89%, 0, 0, 2, 0.05, 1987, 117836
44511, 0, 2, 124, 124, 3, 10.89%, 0, 0, 2, 0.05, 1988, 117836
44886, 0, 2, 125, 125, 3, 10.89%, 0, 0, 2, 0.05, 2001, 117838
44904, 0, 2, 125, 125, 3, 10.89%, 0, 0, 2, 0.05, 2002, 117838
44923, 0, 2, 125, 125, 3, 10.89%, 0, 0, 2, 0.05, 2003, 117838
44943, 0, 2, 125, 125, 3, 10.89%, 0, 0, 2, 0.05, 2004, 117838
44963, 0, 2, 125, 125, 3, 10.89%, 0, 0, 2, 0.05, 2005, 117838
44983, 0, 2, 125, 125, 3, 10.89%, 0, 0, 2, 0.05, 2006, 117838
45012, 0, 2, 125, 125, 3, 10.89%, 0, 0, 2, 0.05, 2007, 117838
45032, 0, 2, 125, 125, 3, 10.89%, 0, 0, 2, 0.05, 2008, 117838
45062, 0, 2, 125, 125, 3, 10.89%, 0, 0, 2, 0.05, 2009, 117838
45081, 0, 2, 125, 125, 3, 10.89%, 0, 0, 2, 0.05, 2010, 117838
45100, 0, 2, 125, 125, 3, 10.89%, 0, 0, 2, 0.05, 2011, 117838
45119, 0, 2, 125, 125, 3, 10.89%, 0, 0, 2, 0.05, 2012, 117838
45139, 0, 2, 125, 125, 3, 10.89%, 0, 0, 2, 0.05, 2013, 117838
45169, 0, 2, 125, 125, 3, 10.89%, 0, 0, 2, 0.05, 2014, 117838
45188, 0, 2, 125, 125, 3, 10.89%, 0, 0, 2, 0.05, 2015, 117838
45212, 0, 2, 125, 125, 3, 10.89%, 0, 0, 2, 0.05, 2016, 117838
45231, 0, 2, 125, 125, 3, 10.89%, 0, 0, 2, 0.05, 2017, 117838
45263, 0, 2, 125, 125, 3, 10.89%, 0, 0, 2, 0.05, 2018, 117838
45292, 0, 2, 125, 125, 3, 10.89%, 0, 0, 2, 0.05, 2019, 117838
45322, 0, 2, 125, 125, 3, 10.89%, 0, 0, 2, 0.04, 2020, 117838
45342, 0, 2, 125, 125, 3, 10.89%, 0, 0, 2, 0.04, 2021, 117838
45362, 0, 2, 125, 125, 3, 10.89%, 0, 0, 2, 0.05, 2022, 117838
45402, 0, 2, 125, 125, 3, 10.89%, 0, 0, 2, 0.04, 2023, 117838
45431, 0, 2, 125, 125, 3, 10.89%, 0, 0, 2, 0.04, 2024, 117838
45452, 0, 2, 125, 125, 3, 10.89%, 0, 0, 2, 0.04, 2025, 117838
45754, 0, 2, 126, 126, 3, 10.89%, 0, 0, 2, 0.04, 2038, 117853
45773, 0, 2, 126, 126, 3, 10.89%, 0, 0, 2, 0.04, 2039, 117853
45793, 0, 2, 126, 126, 3, 10.89%, 0, 0, 2, 0.04, 2040, 117853
45813, 0, 2, 126, 126, 3, 10.89%, 0, 0, 2, 0.05, 2041, 117853
46103, 0, 2, 127, 127, 3, 10.89%, 0, 0, 2, 0.04, 2054, 117856
46123, 0, 2, 127, 127, 3, 10.89%, 0, 0, 2, 0.05, 2055, 117856
46143, 0, 2, 127, 127, 3, 10.89%, 0, 0, 2, 0.05, 2056, 117856
46163, 0, 2, 127, 127, 3, 10.89%, 0, 0, 2, 0.05, 2057, 117856
46182, 0, 2, 127, 127, 3, 10.89%, 0, 0, 2, 0.05, 2058, 117856
46202, 0, 2, 127, 127, 3, 10.89%, 0, 0, 2, 0.05, 2059, 117856
46223, 0, 2, 127, 127, 3, 10.89%, 0, 0, 2, 0.05, 2060, 117856
46242, 0, 2, 127, 127, 3, 10.89%, 0, 0, 2, 0.05, 2061, 117856
46262, 0, 2, 127, 127, 3, 10.89%, 0, 0, 2, 0.05, 2062, 117856
46282, 0, 2, 127, 127, 3, 10.89%, 0, 0, 2, 0.05, 2063, 117856
46303, 0, 2, 127, 127, 3, 10.89%, 0, 0, 2, 0.05, 2064, 117856
46323, 0, 2, 127, 127, 3, 10.89%, 0, 0, 2, 0.05, 2065, 117856
46343, 0, 2, 127, 127, 3, 10.89%, 0, 0, 2, 0.05, 2066, 117856
46363, 0, 2, 127, 127, 3, 10.89%, 0, 0, 2, 0.05, 2067, 117856
46383, 0, 2, 127, 127, 3, 10.89%, 0, 0, 2, 0.05, 2068, 117856
46403, 0, 2, 127, 127, 3, 10.89%, 0, 0, 2, 0.05, 2069, 117856
46423, 0, 2, 127, 127, 3, 10.89%, 0, 0, 2, 0.05, 2070, 117856
46670, 0, 2, 128, 128, 3, 10.89%, 0, 0, 2, 0.05, 2083, 117856
46907, 0, 2, 129, 129, 3, 10.89%, 0, 0, 2, 0.05, 2096, 117856
46936, 0, 2, 129, 129, 3, 10.89%, 0, 0, 2, 0.05, 2097, 117856
46954, 0, 2, 129, 129, 3, 10.89%, 0, 0, 2, 0.05, 2098, 117856
46973, 0, 2, 129, 129, 3, 10.89%, 0, 0, 2, 0.05, 2099, 117856
46991, 0, 2, 129, 129, 3, 10.89%, 0, 0, 2, 0.05, 2100, 117856
47010, 0, 2, 129, 129, 3, 10.89%, 0, 0, 2, 0.05, 2101, 117856
47406, 0, 2, 130, 130, 3, 10.89%, 0, 0, 2, 0.05, 2114, 117898
47424, 0, 2, 130, 130, 3, 10.89%, 0, 0, 2, 0.05, 2115, 117898
47442, 0, 2, 130, 130, 3, 10.89%, 0, 0, 2, 0.05, 2116, 117898
47469, 0, 2, 130, 130, 3, 10.89%, 0, 0, 2, 0.05, 2117, 117898
47814, 0, 2, 131, 131, 3, 10.89%, 0, 0, 2, 0.05, 2130, 117898
47832, 0, 2, 131, 131, 3, 10.89%, 0, 0, 2, 0.05, 2131, 117898
47850, 0, 2, 131, 131, 3, 10.89%, 0, 0, 2, 0.05, 2132, 117898
47878, 0, 2, 131, 131, 3, 10.89%, 0, 0, 2, 0.05, 2133, 117898
48368, 0, 2, 132, 132, 3, 10.89%, 0, 0, 2, 0.05, 2146, 117900
48384, 0, 2, 132, 132, 3, 10.89%, 0, 0, 2, 0.05, 2147, 117900
48401, 0, 2, 132, 132, 3, 10.89%, 0, 0, 2, 0.05, 2148, 117900
48418, 0, 2, 132, 132, 3, 10.89%, 0, 0, 2, 0.05, 2149, 117900
48436, 0, 2, 132, 132, 3, 10.89%, 0, 0, 2, 0.05, 2150, 117900
48453, 0, 2, 132, 132, 3, 10.89%, 0, 0, 2, 0.05, 2151, 117900
48471, 0, 2, 132, 132, 3, 10.89%, 0, 0, 2, 0.05, 2152, 117900
48490, 0, 2, 132, 132, 3, 10.89%, 0, 0, 2, 0.05, 2153, 117900
48508, 0, 2, 132, 132, 3, 10.89%, 0, 0, 2, 0.05, 2154, 117900
48524, 0, 2, 132, 132, 3, 10.89%, 0, 0, 2, 0.05, 2155, 117900
48549, 0, 2, 132, 132, 3, 10.89%, 0, 0, 2, 0.05, 2156, 117900
48567, 0, 2, 132, 132, 3, 10.89%, 0, 0, 2, 0.05, 2157, 117900
48583, 0, 2, 132, 132, 3, 10.89%, 0, 0, 2, 0.05, 2158, 117900
48600, 0, 2, 132, 132, 3, 10.89%, 0, 0, 2, 0.05, 2159, 117900
48961, 0, 2, 133, 133, 3, 10.91%, 0, 0, 2, 0.05, 2172, 118095
48978, 0, 2, 133, 133, 3, 10.91%, 0, 0, 2, 0.05, 2173, 118095
48996, 0, 2, 133, 133, 3, 10.91%, 0, 0, 2, 0.05, 2174, 118095
49014, 0, 2, 133, 133, 3, 10.91%, 0, 0, 2, 0.05, 2175, 118095
49033, 0, 2, 133, 133, 3, 10.91%, 0, 0, 2, 0.05, 2176, 118095
49052, 0, 2, 133, 133, 3, 10.91%, 0, 0, 2, 0.05, 2177, 118095
49071, 0, 2, 133, 133, 3, 10.91%, 0, 0, 2, 0.05, 2178, 118095
49089, 0, 2, 133, 133, 3, 10.91%, 0, 0, 2, 0.05, 2179, 118095
49107, 0, 2, 133, 133, 3, 10.91%, 0, 0, 2, 0.05, 2180, 118095
49125, 0, 2, 133, 133, 3, 10.91%, 0, 0, 2, 0.05, 2181, 118095
49153, 0, 2, 133, 133, 3, 10.91%, 0, 0, 2, 0.05, 2182, 118095
49170, 0, 2, 133, 133, 3, 10.91%, 0, 0, 2, 0.05, 2183, 118095
49188, 0, 2, 133, 133, 3, 10.91%, 0, 0, 2, 0.05, 2184, 118095
49206, 0, 2, 133, 133, 3, 10.91%, 0, 0, 2, 0.05, 2185, 118095
49444, 0, 2, 134, 134, 3, 10.92%, 0, 0, 2, 0.05, 2198, 118216
49462, 0, 2, 134, 134, 3, 10.92%, 0, 0, 2, 0.05, 2199, 118216
49481, 0, 2, 134, 134, 3, 10.92%, 0, 0, 2, 0.05, 2200, 118216
49499, 0, 2, 134, 134, 3, 10.92%, 0, 0, 2, 0.05, 2201, 118216
49527, 0, 2, 134, 134, 3, 10.92%, 0, 0, 2, 0.05, 2202, 118216
49545, 0, 2, 134, 134, 3, 10.92%, 0, 0, 2, 0.05, 2203, 118216
49564, 0, 2, 134, 134, 3, 10.92%, 0, 0, 2, 0.05, 2204, 118216
49582, 0, 2, 134, 134, 3, 10.92%, 0, 0, 2, 0.05, 2205, 118216
49601, 0, 2, 134, 134, 3, 10.92%, 0, 0, 2, 0.05, 2206, 118216
49620, 0, 2, 134, 134, 3, 10.92%, 0, 0, 2, 0.05, 2207, 118216
49637, 0, 2, 134, 134, 3, 10.92%, 0, 0, 2, 0.05, 2208, 118216
49664, 0, 2, 134, 134, 3, 10.92%, 0, 0, 2, 0.05, 2209, 118216
49682, 0, 2, 134, 134, 3, 10.92%, 0, 0, 2, 0.05, 2210, 118216
49700, 0, 2, 134, 134, 3, 10.92%, 0, 0, 2, 0.05, 2211, 118216
49720, 0, 2, 134, 134, 3, 10.92%, 0, 0, 2, 0.05, 2212, 118216
49738, 0, 2, 134, 134, 3, 10.92%, 0, 0, 2, 0.05, 2213, 118216
49756, 0, 2, 134, 134, 3, 10.92%, 0, 0, 2, 0.05, 2214, 118216
49776, 0, 2, 134, 134, 3, 10.92%, 0, 0, 2, 0.05, 2215, 118216
50148, 0, 2, 135, 135, 3, 10.92%, 0, 0, 2, 0.05, 2228, 118216
50429, 0, 2, 136, 136, 3, 10.92%, 0, 0, 2, 0.05, 2238, 118248
50529, 0, 2, 136, 136, 3, 10.92%, 0, 1, 2, 0.01, 2239, 118248
50630, 0, 2, 136, 136, 3, 10.92%, 0, 2, 2, 0.01, 2240, 118248
50730, 0, 2, 136, 136, 3, 10.92%, 0, 3, 2, 0.01, 2241, 118248
50758, 0, 2, 136, 136, 3, 10.92%, 0, 3, 2, 0.00, 2241, 118248
