# relative_time, cycles_done, cur_item, corpus_count, pending_total, pending_favs, map_size, saved_crashes, saved_hangs, max_depth, execs_per_sec, total_execs, edges_found
89, 0, 2, 3, 3, 3, 10.48%, 0, 0, 1, 0.02, 38, 113461
124, 0, 2, 3, 3, 3, 10.48%, 0, 0, 1, 0.02, 39, 113461
151, 0, 2, 3, 3, 3, 10.48%, 0, 0, 1, 0.02, 40, 113461
179, 0, 2, 3, 3, 3, 10.48%, 0, 0, 1, 0.02, 41, 113461
207, 0, 2, 3, 3, 3, 10.48%, 0, 0, 1, 0.03, 42, 113461
234, 0, 2, 3, 3, 3, 10.48%, 0, 0, 1, 0.03, 43, 113461
261, 0, 2, 3, 3, 3, 10.48%, 0, 0, 1, 0.03, 44, 113461
278, 0, 2, 3, 3, 3, 10.48%, 0, 0, 1, 0.03, 45, 113461
306, 0, 2, 3, 3, 3, 10.48%, 0, 0, 1, 0.03, 46, 113461
333, 0, 2, 3, 3, 3, 10.48%, 0, 0, 1, 0.03, 47, 113461
360, 0, 2, 3, 3, 3, 10.48%, 0, 0, 1, 0.03, 48, 113461
386, 0, 2, 3, 3, 3, 10.48%, 0, 0, 1, 0.03, 49, 113461
412, 0, 2, 3, 3, 3, 10.48%, 0, 0, 1, 0.03, 50, 113461
439, 0, 2, 3, 3, 3, 10.48%, 0, 0, 1, 0.03, 51, 113461
466, 0, 2, 3, 3, 3, 10.48%, 0, 0, 1, 0.03, 52, 113461
495, 0, 2, 3, 3, 3, 10.48%, 0, 0, 1, 0.03, 53, 113461
522, 0, 2, 3, 3, 3, 10.48%, 0, 0, 1, 0.03, 54, 113461
549, 0, 2, 3, 3, 3, 10.48%, 0, 0, 1, 0.03, 55, 113461
576, 0, 2, 3, 3, 3, 10.48%, 0, 0, 1, 0.03, 56, 113461
603, 0, 2, 3, 3, 3, 10.48%, 0, 0, 1, 0.03, 57, 113461
630, 0, 2, 3, 3, 3, 10.48%, 0, 0, 1, 0.03, 58, 113461
657, 0, 2, 3, 3, 3, 10.48%, 0, 0, 1, 0.03, 59, 113461
684, 0, 2, 3, 3, 3, 10.48%, 0, 0, 1, 0.03, 60, 113461
711, 0, 2, 3, 3, 3, 10.48%, 0, 0, 1, 0.03, 61, 113461
738, 0, 2, 3, 3, 3, 10.48%, 0, 0, 1, 0.03, 62, 113461
756, 0, 2, 3, 3, 3, 10.48%, 0, 0, 1, 0.04, 63, 113461
774, 0, 2, 3, 3, 3, 10.48%, 0, 0, 1, 0.04, 64, 113461
792, 0, 2, 3, 3, 3, 10.48%, 0, 0, 1, 0.04, 65, 113461
811, 0, 2, 3, 3, 3, 10.48%, 0, 0, 1, 0.04, 66, 113461
837, 0, 2, 3, 3, 3, 10.48%, 0, 0, 1, 0.04, 67, 113461
863, 0, 2, 3, 3, 3, 10.48%, 0, 0, 1, 0.04, 68, 113461
890, 0, 2, 3, 3, 3, 10.48%, 0, 0, 1, 0.04, 69, 113461
1245, 0, 2, 4, 4, 3, 10.48%, 0, 0, 2, 0.04, 82, 113463
1272, 0, 2, 4, 4, 3, 10.48%, 0, 0, 2, 0.04, 83, 113463
1626, 0, 2, 5, 5, 3, 10.48%, 0, 0, 2, 0.04, 96, 113464
1652, 0, 2, 5, 5, 3, 10.48%, 0, 0, 2, 0.04, 97, 113464
2010, 0, 2, 6, 6, 3, 10.48%, 0, 0, 2, 0.04, 110, 113468
2364, 0, 2, 7, 7, 3, 10.48%, 0, 0, 2, 0.04, 123, 113469
2709, 0, 2, 8, 8, 3, 10.59%, 0, 0, 2, 0.04, 136, 114641
2954, 0, 2, 9, 9, 3, 10.60%, 0, 0, 2, 0.04, 149, 114701
3211, 0, 2, 10, 10, 3, 10.60%, 0, 0, 2, 0.04, 162, 114743
3469, 0, 2, 11, 11, 3, 10.61%, 0, 0, 2, 0.04, 175, 114855
3841, 0, 2, 12, 12, 3, 10.62%, 0, 0, 2, 0.04, 188, 114922
4198, 0, 2, 13, 13, 3, 10.66%, 0, 0, 2, 0.04, 201, 115360
4671, 0, 2, 14, 14, 3, 10.66%, 0, 0, 2, 0.04, 214, 115367
4700, 0, 2, 14, 14, 3, 10.66%, 0, 0, 2, 0.04, 215, 115367
5217, 0, 2, 15, 15, 3, 10.92%, 0, 0, 2, 0.04, 228, 118228
5573, 0, 2, 16, 16, 3, 10.92%, 0, 0, 2, 0.04, 241, 118234
5814, 0, 2, 17, 17, 3, 10.96%, 0, 0, 2, 0.04, 254, 118606
6184, 0, 2, 18, 18, 3, 10.96%, 0, 0, 2, 0.04, 267, 118608
6543, 0, 2, 19, 19, 3, 10.96%, 0, 0, 2, 0.04, 280, 118625
6921, 0, 2, 20, 20, 3, 10.96%, 0, 0, 2, 0.04, 293, 118628
7281, 0, 2, 21, 21, 3, 10.96%, 0, 0, 2, 0.04, 306, 118663
7541, 0, 2, 22, 22, 3, 10.98%, 0, 0, 2, 0.04, 319, 118883
7931, 0, 2, 23, 23, 3, 11.00%, 0, 0, 2, 0.04, 332, 119030
8303, 0, 2, 24, 24, 3, 11.00%, 0, 0, 2, 0.04, 345, 119030
8673, 0, 2, 25, 25, 3, 11.00%, 0, 0, 2, 0.04, 358, 119127
9066, 0, 2, 26, 26, 3, 11.04%, 0, 0, 2, 0.04, 371, 119562
9435, 0, 2, 27, 27, 3, 11.04%, 0, 0, 2, 0.04, 384, 119562
9817, 0, 2, 28, 28, 3, 11.07%, 0, 0, 2, 0.04, 397, 119866
9847, 0, 2, 28, 28, 3, 11.07%, 0, 0, 2, 0.04, 398, 119866
10349, 0, 2, 29, 29, 3, 11.09%, 0, 0, 2, 0.04, 411, 120099
10721, 0, 2, 30, 30, 3, 11.10%, 0, 0, 2, 0.04, 424, 120112
11065, 0, 2, 31, 31, 3, 11.10%, 0, 0, 2, 0.04, 437, 120113
11093, 0, 2, 31, 31, 3, 11.10%, 0, 0, 2, 0.04, 438, 120113
11293, 0, 2, 32, 32, 3, 11.10%, 0, 0, 2, 0.04, 451, 120116
11320, 0, 2, 32, 32, 3, 11.10%, 0, 0, 2, 0.04, 452, 120116
11557, 0, 2, 33, 33, 3, 11.10%, 0, 0, 2, 0.04, 465, 120116
11947, 0, 2, 34, 34, 3, 11.10%, 0, 0, 2, 0.04, 478, 120116
12190, 0, 2, 35, 35, 3, 11.10%, 0, 0, 2, 0.04, 491, 120116
12562, 0, 2, 36, 36, 3, 11.18%, 0, 0, 2, 0.04, 504, 121036
12934, 0, 2, 37, 37, 3, 11.18%, 0, 0, 2, 0.04, 517, 121036
13199, 0, 2, 38, 38, 3, 11.18%, 0, 0, 2, 0.04, 530, 121047
13789, 0, 2, 39, 39, 3, 11.20%, 0, 0, 2, 0.04, 543, 121188
14151, 0, 2, 40, 40, 3, 11.20%, 0, 0, 2, 0.04, 556, 121230
14509, 0, 2, 41, 41, 3, 11.20%, 0, 0, 2, 0.04, 569, 121230
14773, 0, 2, 42, 42, 3, 11.20%, 0, 0, 2, 0.04, 582, 121230
14802, 0, 2, 42, 42, 3, 11.20%, 0, 0, 2, 0.04, 583, 121230
15039, 0, 2, 43, 43, 3, 11.20%, 0, 0, 2, 0.04, 596, 121230
15634, 0, 2, 44, 44, 3, 11.20%, 0, 0, 2, 0.04, 609, 121233
15997, 0, 2, 45, 45, 3, 11.20%, 0, 0, 2, 0.04, 622, 121242
16487, 0, 2, 46, 46, 3, 11.20%, 0, 0, 2, 0.04, 635, 121242
16831, 0, 2, 47, 47, 3, 11.20%, 0, 0, 2, 0.04, 648, 121243
17208, 0, 2, 48, 48, 3, 11.20%, 0, 0, 2, 0.04, 661, 121268
17574, 0, 2, 49, 49, 3, 11.20%, 0, 0, 2, 0.04, 674, 121271
17956, 0, 2, 50, 50, 3, 11.20%, 0, 0, 2, 0.04, 687, 121271
17984, 0, 2, 50, 50, 3, 11.20%, 0, 0, 2, 0.04, 688, 121271
18352, 0, 2, 51, 51, 3, 11.35%, 0, 0, 2, 0.04, 701, 122846
18771, 0, 2, 52, 52, 3, 11.84%, 0, 0, 2, 0.04, 714, 128168
19039, 0, 2, 53, 53, 3, 11.84%, 0, 0, 2, 0.04, 727, 128189
19548, 0, 2, 54, 54, 3, 11.84%, 0, 0, 2, 0.04, 740, 128189
19576, 0, 2, 54, 54, 3, 11.84%, 0, 0, 2, 0.04, 741, 128189
19616, 0, 2, 54, 54, 3, 11.84%, 0, 0, 2, 0.04, 742, 128189
19645, 0, 2, 54, 54, 3, 11.84%, 0, 0, 2, 0.04, 743, 128189
19674, 0, 2, 54, 54, 3, 11.84%, 0, 0, 2, 0.04, 744, 128189
20041, 0, 2, 55, 55, 3, 11.84%, 0, 0, 2, 0.04, 757, 128189
20433, 0, 2, 56, 56, 3, 11.84%, 0, 0, 2, 0.04, 770, 128189
20460, 0, 2, 56, 56, 3, 11.84%, 0, 0, 2, 0.04, 771, 128189
20498, 0, 2, 56, 56, 3, 11.84%, 0, 0, 2, 0.04, 772, 128189
20524, 0, 2, 56, 56, 3, 11.84%, 0, 0, 2, 0.04, 773, 128189
20921, 0, 2, 57, 57, 3, 11.84%, 0, 0, 2, 0.04, 786, 128189
21197, 0, 2, 58, 58, 3, 11.88%, 0, 0, 2, 0.04, 799, 128563
21224, 0, 2, 58, 58, 3, 11.88%, 0, 0, 2, 0.04, 800, 128563
21252, 0, 2, 58, 58, 3, 11.88%, 0, 0, 2, 0.04, 801, 128563
21730, 0, 2, 59, 59, 3, 11.88%, 0, 0, 2, 0.04, 814, 128563
21748, 0, 2, 59, 59, 3, 11.88%, 0, 0, 2, 0.04, 815, 128563
21776, 0, 2, 59, 59, 3, 11.88%, 0, 0, 2, 0.04, 816, 128563
21808, 0, 2, 59, 59, 3, 11.88%, 0, 0, 2, 0.04, 817, 128563
21836, 0, 2, 59, 59, 3, 11.88%, 0, 0, 2, 0.04, 818, 128563
21864, 0, 2, 59, 59, 3, 11.88%, 0, 0, 2, 0.04, 819, 128563
21892, 0, 2, 59, 59, 3, 11.88%, 0, 0, 2, 0.04, 820, 128563
21921, 0, 2, 59, 59, 3, 11.88%, 0, 0, 2, 0.04, 821, 128563
21943, 0, 2, 59, 59, 3, 11.88%, 0, 0, 2, 0.04, 822, 128563
21971, 0, 2, 59, 59, 3, 11.88%, 0, 0, 2, 0.04, 823, 128563
22321, 0, 2, 60, 60, 3, 11.88%, 0, 0, 2, 0.04, 836, 128563
22974, 0, 2, 61, 61, 3, 11.88%, 0, 0, 2, 0.04, 849, 128578
22992, 0, 2, 61, 61, 3, 11.88%, 0, 0, 2, 0.04, 850, 128578
23020, 0, 2, 61, 61, 3, 11.88%, 0, 0, 2, 0.04, 851, 128578
23382, 0, 2, 62, 62, 3, 11.88%, 0, 0, 2, 0.04, 864, 128578
23409, 0, 2, 62, 62, 3, 11.88%, 0, 0, 2, 0.04, 865, 128578
23437, 0, 2, 62, 62, 3, 11.88%, 0, 0, 2, 0.04, 866, 128578
23960, 0, 2, 63, 63, 3, 11.88%, 0, 0, 2, 0.04, 879, 128578
24442, 0, 2, 64, 64, 3, 11.93%, 0, 0, 2, 0.04, 892, 129153
24798, 0, 2, 65, 65, 3, 11.93%, 0, 0, 2, 0.04, 905, 129154
24827, 0, 2, 65, 65, 3, 11.93%, 0, 0, 2, 0.04, 906, 129154
24856, 0, 2, 65, 65, 3, 11.93%, 0, 0, 2, 0.04, 907, 129154
24876, 0, 2, 65, 65, 3, 11.93%, 0, 0, 2, 0.04, 908, 129154
24904, 0, 2, 65, 65, 3, 11.93%, 0, 0, 2, 0.04, 909, 129154
25304, 0, 2, 66, 66, 3, 11.93%, 0, 0, 2, 0.04, 922, 129154
25819, 0, 2, 67, 67, 3, 11.93%, 0, 0, 2, 0.04, 935, 129155
25847, 0, 2, 67, 67, 3, 11.93%, 0, 0, 2, 0.04, 936, 129155
26234, 0, 2, 68, 68, 3, 11.93%, 0, 0, 2, 0.04, 949, 129179
26651, 0, 2, 69, 69, 3, 11.93%, 0, 0, 2, 0.03, 962, 129183
26680, 0, 2, 69, 69, 3, 11.93%, 0, 0, 2, 0.03, 963, 129183
26707, 0, 2, 69, 69, 3, 11.93%, 0, 0, 2, 0.03, 964, 129183
26736, 0, 2, 69, 69, 3, 11.93%, 0, 0, 2, 0.03, 965, 129183
27247, 0, 2, 70, 70, 3, 11.93%, 0, 0, 2, 0.03, 978, 129191
27275, 0, 2, 70, 70, 3, 11.93%, 0, 0, 2, 0.03, 979, 129191
27303, 0, 2, 70, 70, 3, 11.93%, 0, 0, 2, 0.03, 980, 129191
27646, 0, 2, 71, 71, 3, 11.94%, 0, 0, 2, 0.03, 993, 129204
27683, 0, 2, 71, 71, 3, 11.94%, 0, 0, 2, 0.03, 994, 129204
27711, 0, 2, 71, 71, 3, 11.94%, 0, 0, 2, 0.03, 995, 129204
28102, 0, 2, 72, 72, 3, 11.94%, 0, 0, 2, 0.03, 1008, 129211
28475, 0, 2, 73, 73, 3, 11.94%, 0, 0, 2, 0.03, 1021, 129214
28506, 0, 2, 73, 73, 3, 11.94%, 0, 0, 2, 0.03, 1022, 129214
28532, 0, 2, 73, 73, 3, 11.94%, 0, 0, 2, 0.03, 1023, 129214
28561, 0, 2, 73, 73, 3, 11.94%, 0, 0, 2, 0.03, 1024, 129214
28961, 0, 2, 74, 74, 3, 11.94%, 0, 0, 2, 0.03, 1037, 129239
28980, 0, 2, 74, 74, 3, 11.94%, 0, 0, 2, 0.04, 1038, 129239
29009, 0, 2, 74, 74, 3, 11.94%, 0, 0, 2, 0.04, 1039, 129239
29403, 0, 2, 75, 75, 3, 11.94%, 0, 0, 2, 0.04, 1052, 129242
29682, 0, 2, 76, 76, 3, 11.94%, 0, 0, 2, 0.04, 1065, 129253
30118, 0, 2, 77, 77, 3, 11.94%, 0, 0, 2, 0.04, 1078, 129253
30135, 0, 2, 77, 77, 3, 11.94%, 0, 0, 2, 0.04, 1079, 129253
30643, 0, 2, 78, 78, 3, 11.94%, 0, 0, 2, 0.04, 1092, 129255
30663, 0, 2, 78, 78, 3, 11.94%, 0, 0, 2, 0.04, 1093, 129255
30691, 0, 2, 78, 78, 3, 11.94%, 0, 0, 2, 0.04, 1094, 129255
30720, 0, 2, 78, 78, 3, 11.94%, 0, 0, 2, 0.04, 1095, 129255
30750, 0, 2, 78, 78, 3, 11.94%, 0, 0, 2, 0.04, 1096, 129255
31134, 0, 2, 79, 79, 3, 11.94%, 0, 0, 2, 0.04, 1109, 129255
31163, 0, 2, 79, 79, 3, 11.94%, 0, 0, 2, 0.04, 1110, 129255
31566, 0, 2, 80, 80, 3, 11.94%, 0, 0, 2, 0.04, 1123, 129257
31968, 0, 2, 81, 81, 3, 11.94%, 0, 0, 2, 0.04, 1136, 129257
32813, 0, 2, 82, 82, 3, 11.94%, 0, 0, 2, 0.03, 1149, 129257
32851, 0, 2, 82, 82, 3, 11.94%, 0, 0, 2, 0.03, 1150, 129257
33358, 0, 2, 83, 83, 3, 11.94%, 0, 0, 2, 0.03, 1163, 129262
33732, 0, 2, 84, 84, 3, 12.06%, 0, 0, 2, 0.03, 1176, 130579
34357, 0, 2, 85, 85, 3, 12.22%, 0, 0, 2, 0.03, 1189, 132304
34706, 0, 2, 86, 86, 3, 12.22%, 0, 0, 2, 0.03, 1202, 132304
34735, 0, 2, 86, 86, 3, 12.22%, 0, 0, 2, 0.03, 1203, 132304
35129, 0, 2, 87, 87, 3, 12.22%, 0, 0, 2, 0.03, 1216, 132304
35157, 0, 2, 87, 87, 3, 12.22%, 0, 0, 2, 0.03, 1217, 132304
35186, 0, 2, 87, 87, 3, 12.22%, 0, 0, 2, 0.03, 1218, 132304
35672, 0, 2, 88, 88, 3, 12.22%, 0, 0, 2, 0.03, 1231, 132310
35909, 0, 2, 89, 89, 3, 12.22%, 0, 0, 2, 0.03, 1244, 132310
35937, 0, 2, 89, 89, 3, 12.22%, 0, 0, 2, 0.03, 1245, 132310
35967, 0, 2, 89, 89, 3, 12.22%, 0, 0, 2, 0.03, 1246, 132310
36248, 0, 2, 90, 90, 3, 12.25%, 0, 0, 2, 0.04, 1259, 132569
36278, 0, 2, 90, 90, 3, 12.25%, 0, 0, 2, 0.04, 1260, 132569
36651, 0, 2, 91, 91, 3, 12.25%, 0, 0, 2, 0.04, 1273, 132574
36679, 0, 2, 91, 91, 3, 12.25%, 0, 0, 2, 0.04, 1274, 132574
36706, 0, 2, 91, 91, 3, 12.25%, 0, 0, 2, 0.04, 1275, 132574
37373, 0, 2, 92, 92, 3, 12.26%, 0, 0, 2, 0.03, 1288, 132763
37615, 0, 2, 93, 93, 3, 12.26%, 0, 0, 2, 0.04, 1301, 132763
37644, 0, 2, 93, 93, 3, 12.26%, 0, 0, 2, 0.04, 1302, 132763
38028, 0, 2, 94, 94, 3, 12.26%, 0, 0, 2, 0.04, 1315, 132763
38046, 0, 2, 94, 94, 3, 12.26%, 0, 0, 2, 0.04, 1316, 132763
38081, 0, 2, 94, 94, 3, 12.26%, 0, 0, 2, 0.04, 1317, 132763
38442, 0, 2, 95, 95, 3, 12.26%, 0, 0, 2, 0.04, 1330, 132763
38468, 0, 2, 95, 95, 3, 12.26%, 0, 0, 2, 0.04, 1331, 132763
38717, 0, 2, 96, 96, 3, 12.27%, 0, 0, 2, 0.04, 1344, 132782
39079, 0, 2, 97, 97, 3, 12.27%, 0, 0, 2, 0.04, 1357, 132782
39105, 0, 2, 97, 97, 3, 12.27%, 0, 0, 2, 0.04, 1358, 132782
39131, 0, 2, 97, 97, 3, 12.27%, 0, 0, 2, 0.04, 1359, 132782
39166, 0, 2, 97, 97, 3, 12.27%, 0, 0, 2, 0.04, 1360, 132782
39266, 0, 2, 97, 97, 3, 12.27%, 0, 1, 2, 0.04, 1361, 132782
39299, 0, 2, 97, 97, 3, 12.27%, 0, 1, 2, 0.03, 1362, 132782
39325, 0, 2, 97, 97, 3, 12.27%, 0, 1, 2, 0.04, 1363, 132782
39352, 0, 2, 97, 97, 3, 12.27%, 0, 1, 2, 0.04, 1364, 132782
39810, 0, 2, 98, 98, 3, 12.27%, 0, 1, 2, 0.03, 1377, 132786
39836, 0, 2, 98, 98, 3, 12.27%, 0, 1, 2, 0.04, 1378, 132786
39863, 0, 2, 98, 98, 3, 12.27%, 0, 1, 2, 0.04, 1379, 132786
39880, 0, 2, 98, 98, 3, 12.27%, 0, 1, 2, 0.04, 1380, 132786
40451, 0, 2, 99, 99, 3, 12.27%, 0, 1, 2, 0.04, 1393, 132786
40468, 0, 2, 99, 99, 3, 12.27%, 0, 1, 2, 0.04, 1394, 132786
40841, 0, 2, 100, 100, 3, 12.27%, 0, 1, 2, 0.04, 1407, 132819
40866, 0, 2, 100, 100, 3, 12.27%, 0, 1, 2, 0.04, 1408, 132819
41097, 0, 2, 101, 101, 3, 12.28%, 0, 1, 2, 0.04, 1421, 132899
41123, 0, 2, 101, 101, 3, 12.28%, 0, 1, 2, 0.04, 1422, 132899
41457, 0, 2, 102, 102, 3, 12.28%, 0, 1, 2, 0.04, 1435, 132899
41472, 0, 2, 102, 102, 3, 12.28%, 0, 1, 2, 0.04, 1436, 132899
41912, 0, 2, 103, 103, 3, 12.28%, 0, 1, 2, 0.04, 1449, 132899
41937, 0, 2, 103, 103, 3, 12.28%, 0, 1, 2, 0.04, 1450, 132899
42149, 0, 2, 104, 104, 3, 12.28%, 0, 1, 2, 0.04, 1463, 132916
42497, 0, 2, 105, 105, 3, 12.28%, 0, 1, 2, 0.04, 1476, 132926
42844, 0, 2, 106, 106, 3, 12.28%, 0, 1, 2, 0.04, 1489, 132926
43240, 0, 2, 107, 107, 3, 12.28%, 0, 1, 2, 0.04, 1502, 132926
43283, 0, 2, 107, 107, 3, 12.28%, 0, 1, 2, 0.04, 1503, 132926
43626, 0, 2, 108, 108, 3, 12.28%, 0, 1, 2, 0.04, 1516, 132926
43663, 0, 2, 108, 108, 3, 12.28%, 0, 1, 2, 0.04, 1517, 132926
44005, 0, 2, 109, 109, 3, 12.28%, 0, 1, 2, 0.04, 1530, 132932
44500, 0, 2, 110, 110, 3, 12.28%, 0, 1, 2, 0.04, 1543, 132932
44898, 0, 2, 111, 111, 3, 12.29%, 0, 1, 2, 0.04, 1556, 133038
44925, 0, 2, 111, 111, 3, 12.29%, 0, 1, 2, 0.04, 1557, 133038
44952, 0, 2, 111, 111, 3, 12.29%, 0, 1, 2, 0.04, 1558, 133038
45632, 0, 2, 112, 112, 3, 12.29%, 0, 1, 2, 0.04, 1571, 133047
45658, 0, 2, 112, 112, 3, 12.29%, 0, 1, 2, 0.04, 1572, 133047
45684, 0, 2, 112, 112, 3, 12.29%, 0, 1, 2, 0.04, 1573, 133047
45709, 0, 2, 112, 112, 3, 12.29%, 0, 1, 2, 0.04, 1574, 133047
46349, 0, 2, 113, 113, 3, 12.29%, 0, 1, 2, 0.04, 1587, 133047
46375, 0, 2, 113, 113, 3, 12.29%, 0, 1, 2, 0.04, 1588, 133047
46856, 0, 2, 114, 114, 3, 12.29%, 0, 1, 2, 0.04, 1601, 133049
47248, 0, 2, 115, 115, 3, 12.44%, 0, 1, 2, 0.03, 1614, 134623
47613, 0, 2, 116, 116, 3, 12.44%, 0, 1, 2, 0.03, 1627, 134647
47638, 0, 2, 116, 116, 3, 12.44%, 0, 1, 2, 0.04, 1628, 134647
48083, 0, 2, 117, 117, 3, 12.44%, 0, 1, 2, 0.03, 1641, 134661
48110, 0, 2, 117, 117, 3, 12.44%, 0, 1, 2, 0.04, 1642, 134661
48137, 0, 2, 117, 117, 3, 12.44%, 0, 1, 2, 0.04, 1643, 134661
48165, 0, 2, 117, 117, 3, 12.44%, 0, 1, 2, 0.04, 1644, 134661
48183, 0, 2, 117, 117, 3, 12.44%, 0, 1, 2, 0.04, 1645, 134661
48209, 0, 2, 117, 117, 3, 12.44%, 0, 1, 2, 0.04, 1646, 134661
48677, 0, 2, 118, 118, 3, 12.44%, 0, 1, 2, 0.04, 1659, 134661
48706, 0, 2, 118, 118, 3, 12.44%, 0, 1, 2, 0.04, 1660, 134661
48733, 0, 2, 118, 118, 3, 12.44%, 0, 1, 2, 0.04, 1661, 134661
48760, 0, 2, 118, 118, 3, 12.44%, 0, 1, 2, 0.04, 1662, 134661
49133, 0, 2, 119, 119, 3, 12.52%, 0, 1, 2, 0.04, 1675, 135509
49506, 0, 2, 120, 120, 3, 12.52%, 0, 1, 2, 0.04, 1688, 135509
49735, 0, 2, 121, 121, 3, 12.52%, 0, 1, 2, 0.04, 1701, 135511
49969, 0, 2, 122, 122, 3, 12.53%, 0, 1, 2, 0.04, 1714, 135585
50298, 0, 2, 123, 123, 3, 12.53%, 0, 1, 2, 0.04, 1727, 135586
50631, 0, 2, 124, 124, 3, 12.53%, 0, 1, 2, 0.04, 1740, 135586
50656, 0, 2, 124, 124, 3, 12.53%, 0, 1, 2, 0.04, 1741, 135586
50680, 0, 2, 124, 124, 3, 12.53%, 0, 1, 2, 0.04, 1742, 135586
51120, 0, 2, 125, 125, 3, 12.53%, 0, 1, 2, 0.04, 1755, 135586
51446, 0, 2, 126, 126, 3, 12.53%, 0, 1, 2, 0.04, 1768, 135589
51488, 0, 2, 126, 126, 3, 12.53%, 0, 1, 2, 0.04, 1769, 135589
51505, 0, 2, 126, 126, 3, 12.53%, 0, 1, 2, 0.04, 1770, 135589
51761, 0, 2, 127, 127, 3, 12.58%, 0, 1, 2, 0.04, 1783, 136186
51787, 0, 2, 127, 127, 3, 12.58%, 0, 1, 2, 0.04, 1784, 136186
51814, 0, 2, 127, 127, 3, 12.58%, 0, 1, 2, 0.04, 1785, 136186
51839, 0, 2, 127, 127, 3, 12.58%, 0, 1, 2, 0.04, 1786, 136186
53056, 0, 2, 128, 128, 3, 12.58%, 0, 1, 2, 0.04, 1799, 136206
53383, 0, 2, 129, 129, 3, 12.58%, 0, 1, 2, 0.04, 1812, 136206
53416, 0, 2, 129, 129, 3, 12.58%, 0, 1, 2, 0.04, 1813, 136206
53441, 0, 2, 129, 129, 3, 12.58%, 0, 1, 2, 0.04, 1814, 136206
53996, 0, 2, 130, 130, 3, 12.58%, 0, 1, 2, 0.04, 1827, 136206
54018, 0, 2, 130, 130, 3, 12.58%, 0, 1, 2, 0.04, 1828, 136206
54041, 0, 2, 130, 130, 3, 12.58%, 0, 1, 2, 0.04, 1829, 136206
54064, 0, 2, 130, 130, 3, 12.58%, 0, 1, 2, 0.04, 1830, 136206
54088, 0, 2, 130, 130, 3, 12.58%, 0, 1, 2, 0.04, 1831, 136206
54112, 0, 2, 130, 130, 3, 12.58%, 0, 1, 2, 0.04, 1832, 136206
54136, 0, 2, 130, 130, 3, 12.58%, 0, 1, 2, 0.04, 1833, 136206
54159, 0, 2, 130, 130, 3, 12.58%, 0, 1, 2, 0.04, 1834, 136206
54198, 0, 2, 130, 130, 3, 12.58%, 0, 1, 2, 0.04, 1835, 136206
54237, 0, 2, 130, 130, 3, 12.58%, 0, 1, 2, 0.04, 1836, 136206
54261, 0, 2, 130, 130, 3, 12.58%, 0, 1, 2, 0.04, 1837, 136206
54284, 0, 2, 130, 130, 3, 12.58%, 0, 1, 2, 0.04, 1838, 136206
54307, 0, 2, 130, 130, 3, 12.58%, 0, 1, 2, 0.04, 1839, 136206
54338, 0, 2, 130, 130, 3, 12.58%, 0, 1, 2, 0.04, 1840, 136206
54738, 0, 2, 131, 131, 3, 12.58%, 0, 1, 2, 0.04, 1853, 136206
55151, 0, 2, 132, 132, 3, 12.58%, 0, 1, 2, 0.04, 1866, 136206
55563, 0, 2, 133, 133, 3, 12.58%, 0, 1, 2, 0.04, 1879, 136211
55595, 0, 2, 133, 133, 3, 12.58%, 0, 1, 2, 0.04, 1880, 136211
55618, 0, 2, 133, 133, 3, 12.58%, 0, 1, 2, 0.04, 1881, 136211
55825, 0, 2, 134, 134, 3, 12.60%, 0, 1, 2, 0.04, 1894, 136362
56156, 0, 2, 135, 135, 3, 12.60%, 0, 1, 2, 0.04, 1907, 136387
56180, 0, 2, 135, 135, 3, 12.60%, 0, 1, 2, 0.04, 1908, 136387
56203, 0, 2, 135, 135, 3, 12.60%, 0, 1, 2, 0.04, 1909, 136387
56234, 0, 2, 135, 135, 3, 12.60%, 0, 1, 2, 0.04, 1910, 136387
56258, 0, 2, 135, 135, 3, 12.60%, 0, 1, 2, 0.04, 1911, 136387
56284, 0, 2, 135, 135, 3, 12.60%, 0, 1, 2, 0.04, 1912, 136387
56687, 0, 2, 136, 136, 3, 12.60%, 0, 1, 2, 0.04, 1925, 136394
56726, 0, 2, 136, 136, 3, 12.60%, 0, 1, 2, 0.04, 1926, 136394
56760, 0, 2, 136, 136, 3, 12.60%, 0, 1, 2, 0.04, 1927, 136394
56808, 0, 2, 136, 136, 3, 12.60%, 0, 1, 2, 0.04, 1928, 136394
57307, 0, 2, 137, 137, 3, 12.60%, 0, 1, 2, 0.04, 1941, 136394
57328, 0, 2, 137, 137, 3, 12.60%, 0, 1, 2, 0.04, 1942, 136394
57367, 0, 2, 137, 137, 3, 12.60%, 0, 1, 2, 0.04, 1943, 136394
57406, 0, 2, 137, 137, 3, 12.60%, 0, 1, 2, 0.03, 1944, 136394
57426, 0, 2, 137, 137, 3, 12.60%, 0, 1, 2, 0.04, 1945, 136394
57447, 0, 2, 137, 137, 3, 12.60%, 0, 1, 2, 0.04, 1946, 136394
57467, 0, 2, 137, 137, 3, 12.60%, 0, 1, 2, 0.04, 1947, 136394
58104, 0, 2, 138, 138, 3, 12.61%, 0, 1, 2, 0.04, 1960, 136532
58141, 0, 2, 138, 138, 3, 12.61%, 0, 1, 2, 0.04, 1961, 136532
58161, 0, 2, 138, 138, 3, 12.61%, 0, 1, 2, 0.04, 1962, 136532
58189, 0, 2, 138, 138, 3, 12.61%, 0, 1, 2, 0.04, 1963, 136532
58211, 0, 2, 138, 138, 3, 12.61%, 0, 1, 2, 0.04, 1964, 136532
58232, 0, 2, 138, 138, 3, 12.61%, 0, 1, 2, 0.04, 1965, 136532
58253, 0, 2, 138, 138, 3, 12.61%, 0, 1, 2, 0.04, 1966, 136532
58276, 0, 2, 138, 138, 3, 12.61%, 0, 1, 2, 0.04, 1967, 136532
58297, 0, 2, 138, 138, 3, 12.61%, 0, 1, 2, 0.04, 1968, 136532
58329, 0, 2, 138, 138, 3, 12.61%, 0, 1, 2, 0.04, 1969, 136532
58359, 0, 2, 138, 138, 3, 12.61%, 0, 1, 2, 0.04, 1970, 136532
58762, 0, 2, 139, 139, 3, 12.61%, 0, 1, 2, 0.04, 1983, 136532
59046, 0, 2, 140, 140, 3, 12.61%, 0, 1, 2, 0.04, 1996, 136532
59086, 0, 2, 140, 140, 3, 12.61%, 0, 1, 2, 0.04, 1997, 136532
59116, 0, 2, 140, 140, 3, 12.61%, 0, 1, 2, 0.04, 1998, 136532
59148, 0, 2, 140, 140, 3, 12.61%, 0, 1, 2, 0.04, 1999, 136532
59180, 0, 2, 140, 140, 3, 12.61%, 0, 1, 2, 0.04, 2000, 136532
59200, 0, 2, 140, 140, 3, 12.61%, 0, 1, 2, 0.04, 2001, 136532
59230, 0, 2, 140, 140, 3, 12.61%, 0, 1, 2, 0.04, 2002, 136532
59271, 0, 2, 140, 140, 3, 12.61%, 0, 1, 2, 0.04, 2003, 136532
59796, 0, 2, 141, 141, 3, 12.61%, 0, 1, 2, 0.04, 2016, 136532
59826, 0, 2, 141, 141, 3, 12.61%, 0, 1, 2, 0.04, 2017, 136532
59855, 0, 2, 141, 141, 3, 12.61%, 0, 1, 2, 0.04, 2018, 136532
59884, 0, 2, 141, 141, 3, 12.61%, 0, 1, 2, 0.04, 2019, 136532
59906, 0, 2, 141, 141, 3, 12.61%, 0, 1, 2, 0.04, 2020, 136532
60293, 0, 2, 142, 142, 3, 12.61%, 0, 1, 2, 0.04, 2033, 136532
60718, 0, 2, 143, 143, 3, 12.61%, 0, 1, 2, 0.04, 2046, 136534
60747, 0, 2, 143, 143, 3, 12.61%, 0, 1, 2, 0.04, 2047, 136534
60778, 0, 2, 143, 143, 3, 12.61%, 0, 1, 2, 0.04, 2048, 136534
61189, 0, 2, 144, 144, 3, 12.61%, 0, 1, 2, 0.04, 2061, 136534
61235, 0, 2, 144, 144, 3, 12.61%, 0, 1, 2, 0.03, 2062, 136534
61273, 0, 2, 144, 144, 3, 12.61%, 0, 1, 2, 0.03, 2063, 136534
61891, 0, 2, 145, 145, 3, 12.61%, 0, 1, 2, 0.03, 2076, 136534
61919, 0, 2, 145, 145, 3, 12.61%, 0, 1, 2, 0.03, 2077, 136534
62347, 0, 2, 146, 146, 3, 12.61%, 0, 1, 2, 0.03, 2090, 136534
62382, 0, 2, 146, 146, 3, 12.61%, 0, 1, 2, 0.03, 2091, 136534
62414, 0, 2, 146, 146, 3, 12.61%, 0, 1, 2, 0.03, 2092, 136534
62832, 0, 2, 147, 147, 3, 12.61%, 0, 1, 2, 0.03, 2105, 136534
62861, 0, 2, 147, 147, 3, 12.61%, 0, 1, 2, 0.03, 2106, 136534
63280, 0, 2, 148, 148, 3, 12.64%, 0, 1, 2, 0.03, 2119, 136802
63553, 0, 2, 149, 149, 3, 12.64%, 0, 1, 2, 0.03, 2132, 136802
63584, 0, 2, 149, 149, 3, 12.64%, 0, 1, 2, 0.03, 2133, 136802
63865, 0, 2, 150, 150, 3, 12.64%, 0, 1, 2, 0.03, 2146, 136812
63896, 0, 2, 150, 150, 3, 12.64%, 0, 1, 2, 0.03, 2147, 136812
64546, 0, 2, 151, 151, 3, 12.64%, 0, 1, 2, 0.03, 2160, 136813
64574, 0, 2, 151, 151, 3, 12.64%, 0, 1, 2, 0.03, 2161, 136813
64603, 0, 2, 151, 151, 3, 12.64%, 0, 1, 2, 0.03, 2162, 136813
65113, 0, 2, 152, 152, 3, 12.64%, 0, 1, 2, 0.03, 2175, 136813
65145, 0, 2, 152, 152, 3, 12.64%, 0, 1, 2, 0.03, 2176, 136813
65657, 0, 2, 153, 153, 3, 13.34%, 0, 1, 2, 0.03, 2189, 144412
65688, 0, 2, 153, 153, 3, 13.34%, 0, 1, 2, 0.03, 2190, 144412
65731, 0, 2, 153, 153, 3, 13.34%, 0, 1, 2, 0.03, 2191, 144412
65751, 0, 2, 153, 153, 3, 13.34%, 0, 1, 2, 0.03, 2192, 144412
66259, 0, 2, 154, 154, 3, 13.34%, 0, 1, 2, 0.03, 2205, 144431
66552, 0, 2, 155, 155, 3, 13.41%, 0, 1, 2, 0.03, 2218, 145148
66592, 0, 2, 155, 155, 3, 13.41%, 0, 1, 2, 0.03, 2219, 145148
66621, 0, 2, 155, 155, 3, 13.41%, 0, 1, 2, 0.03, 2220, 145148
66662, 0, 2, 155, 155, 3, 13.41%, 0, 1, 2, 0.03, 2221, 145148
66684, 0, 2, 155, 155, 3, 13.41%, 0, 1, 2, 0.03, 2222, 145148
66721, 0, 2, 155, 155, 3, 13.41%, 0, 1, 2, 0.03, 2223, 145148
66750, 0, 2, 155, 155, 3, 13.41%, 0, 1, 2, 0.03, 2224, 145148
66807, 0, 2, 155, 155, 3, 13.41%, 0, 1, 2, 0.03, 2225, 145148
66837, 0, 2, 155, 155, 3, 13.41%, 0, 1, 2, 0.03, 2226, 145148
66867, 0, 2, 155, 155, 3, 13.41%, 0, 1, 2, 0.03, 2227, 145148
67414, 0, 2, 156, 156, 3, 13.41%, 0, 1, 2, 0.03, 2238, 145164
67514, 0, 2, 156, 156, 3, 13.41%, 0, 2, 2, 0.03, 2239, 145164
67614, 0, 2, 156, 156, 3, 13.41%, 0, 3, 2, 0.03, 2240, 145164
67715, 0, 2, 156, 156, 3, 13.41%, 0, 4, 2, 0.03, 2241, 145164
67815, 0, 2, 156, 156, 3, 13.41%, 0, 5, 2, 0.03, 2242, 145164
67845, 0, 2, 156, 156, 3, 13.41%, 0, 5, 2, 0.00, 2242, 145164
