# relative_time, cycles_done, cur_item, corpus_count, pending_total, pending_favs, map_size, saved_crashes, saved_hangs, max_depth, execs_per_sec, total_execs, edges_found
73, 0, 0, 3, 3, 3, 10.20%, 0, 0, 1, 0.05, 40, 110363
92, 0, 0, 3, 3, 3, 10.20%, 0, 0, 1, 0.05, 41, 110363
110, 0, 0, 3, 3, 3, 10.20%, 0, 0, 1, 0.05, 42, 110363
128, 0, 0, 3, 3, 3, 10.20%, 0, 0, 1, 0.05, 43, 110363
147, 0, 0, 3, 3, 3, 10.20%, 0, 0, 1, 0.05, 44, 110363
165, 0, 0, 3, 3, 3, 10.20%, 0, 0, 1, 0.05, 45, 110363
184, 0, 0, 3, 3, 3, 10.20%, 0, 0, 1, 0.05, 46, 110363
202, 0, 0, 3, 3, 3, 10.20%, 0, 0, 1, 0.05, 47, 110363
230, 0, 0, 3, 3, 3, 10.20%, 0, 0, 1, 0.05, 48, 110363
257, 0, 0, 3, 3, 3, 10.20%, 0, 0, 1, 0.05, 49, 110363
285, 0, 0, 3, 3, 3, 10.20%, 0, 0, 1, 0.05, 50, 110363
315, 0, 0, 3, 3, 3, 10.20%, 0, 0, 1, 0.05, 51, 110363
343, 0, 0, 3, 3, 3, 10.20%, 0, 0, 1, 0.05, 52, 110363
371, 0, 0, 3, 3, 3, 10.20%, 0, 0, 1, 0.05, 53, 110363
398, 0, 0, 3, 3, 3, 10.20%, 0, 0, 1, 0.05, 54, 110363
426, 0, 0, 3, 3, 3, 10.20%, 0, 0, 1, 0.05, 55, 110363
444, 0, 0, 3, 3, 3, 10.20%, 0, 0, 1, 0.05, 56, 110363
463, 0, 0, 3, 3, 3, 10.20%, 0, 0, 1, 0.05, 57, 110363
482, 0, 0, 3, 3, 3, 10.20%, 0, 0, 1, 0.05, 58, 110363
500, 0, 0, 3, 3, 3, 10.20%, 0, 0, 1, 0.05, 59, 110363
518, 0, 0, 3, 3, 3, 10.20%, 0, 0, 1, 0.05, 60, 110363
537, 0, 0, 3, 3, 3, 10.20%, 0, 0, 1, 0.05, 61, 110363
556, 0, 0, 3, 3, 3, 10.20%, 0, 0, 1, 0.05, 62, 110363
574, 0, 0, 3, 3, 3, 10.20%, 0, 0, 1, 0.05, 63, 110363
593, 0, 0, 3, 3, 3, 10.20%, 0, 0, 1, 0.05, 64, 110363
610, 0, 0, 3, 3, 3, 10.20%, 0, 0, 1, 0.05, 65, 110363
629, 0, 0, 3, 3, 3, 10.20%, 0, 0, 1, 0.05, 66, 110363
647, 0, 0, 3, 3, 3, 10.20%, 0, 0, 1, 0.05, 67, 110363
666, 0, 0, 3, 3, 3, 10.20%, 0, 0, 1, 0.05, 68, 110363
685, 0, 0, 3, 3, 3, 10.20%, 0, 0, 1, 0.05, 69, 110363
928, 0, 0, 4, 4, 3, 10.20%, 0, 0, 2, 0.05, 82, 110369
946, 0, 0, 4, 4, 3, 10.20%, 0, 0, 2, 0.05, 83, 110369
1185, 0, 0, 5, 5, 3, 10.20%, 0, 0, 2, 0.05, 96, 110371
1203, 0, 0, 5, 5, 3, 10.20%, 0, 0, 2, 0.05, 97, 110371
1430, 0, 0, 6, 6, 3, 10.20%, 0, 0, 2, 0.05, 110, 110371
1449, 0, 0, 6, 6, 3, 10.20%, 0, 0, 2, 0.05, 111, 110371
1678, 0, 0, 7, 7, 3, 10.20%, 0, 0, 2, 0.05, 124, 110372
1931, 0, 0, 8, 8, 3, 10.20%, 0, 0, 2, 0.05, 137, 110394
2159, 0, 0, 9, 9, 3, 10.20%, 0, 0, 2, 0.05, 150, 110394
2398, 0, 0, 10, 10, 3, 10.20%, 0, 0, 2, 0.05, 163, 110413
2613, 0, 0, 11, 11, 3, 10.20%, 0, 0, 2, 0.05, 176, 110430
2831, 0, 0, 12, 12, 3, 10.20%, 0, 0, 2, 0.05, 189, 110432
3082, 0, 0, 13, 13, 3, 10.27%, 0, 0, 2, 0.05, 202, 111143
3320, 0, 0, 14, 14, 3, 10.27%, 0, 0, 2, 0.05, 215, 111171
3552, 0, 0, 15, 15, 3, 10.27%, 0, 0, 2, 0.05, 228, 111173
3781, 0, 0, 16, 16, 3, 10.27%, 0, 0, 2, 0.05, 241, 111180
4037, 0, 0, 17, 17, 3, 10.27%, 0, 0, 2, 0.05, 254, 111182
4054, 0, 0, 17, 17, 3, 10.27%, 0, 0, 2, 0.05, 255, 111182
4316, 0, 0, 18, 18, 3, 10.27%, 0, 0, 2, 0.05, 268, 111184
4536, 0, 0, 19, 19, 3, 10.27%, 0, 0, 2, 0.05, 281, 111218
4775, 0, 0, 20, 20, 3, 10.27%, 0, 0, 2, 0.05, 294, 111218
5005, 0, 0, 21, 21, 3, 10.27%, 0, 0, 2, 0.05, 307, 111218
5024, 0, 0, 21, 21, 3, 10.27%, 0, 0, 2, 0.05, 308, 111218
5248, 0, 0, 22, 22, 3, 10.27%, 0, 0, 2, 0.05, 321, 111218
5479, 0, 0, 23, 23, 3, 10.27%, 0, 0, 2, 0.05, 334, 111219
5711, 0, 0, 24, 24, 3, 10.27%, 0, 0, 2, 0.05, 347, 111219
5974, 0, 0, 25, 25, 3, 10.27%, 0, 0, 2, 0.05, 360, 111220
6188, 0, 0, 26, 26, 3, 10.27%, 0, 0, 2, 0.05, 373, 111220
6438, 0, 0, 27, 27, 3, 10.27%, 0, 0, 2, 0.05, 386, 111224
6680, 0, 0, 28, 28, 3, 10.27%, 0, 0, 2, 0.05, 399, 111224
7049, 0, 0, 29, 29, 3, 10.28%, 0, 0, 2, 0.05, 412, 111240
7333, 0, 0, 30, 30, 3, 10.28%, 0, 0, 2, 0.05, 425, 111241
7596, 0, 0, 31, 31, 3, 10.28%, 0, 0, 2, 0.05, 438, 111242
7615, 0, 0, 31, 31, 3, 10.28%, 0, 0, 2, 0.05, 439, 111242
7861, 0, 0, 32, 32, 3, 10.28%, 0, 0, 2, 0.05, 452, 111242
8109, 0, 0, 33, 33, 3, 10.28%, 0, 0, 2, 0.05, 465, 111242
8380, 0, 0, 34, 34, 3, 10.28%, 0, 0, 2, 0.05, 478, 111242
8399, 0, 0, 34, 34, 3, 10.28%, 0, 0, 2, 0.05, 479, 111242
8653, 0, 0, 35, 35, 3, 10.28%, 0, 0, 2, 0.05, 492, 111242
9030, 0, 0, 36, 36, 3, 10.28%, 0, 0, 2, 0.05, 505, 111242
9417, 0, 0, 37, 37, 3, 10.28%, 0, 0, 2, 0.05, 518, 111263
9658, 0, 0, 38, 38, 3, 10.28%, 0, 0, 2, 0.05, 531, 111266
9915, 0, 0, 39, 39, 3, 10.28%, 0, 0, 2, 0.05, 544, 111266
10162, 0, 0, 40, 40, 3, 10.28%, 0, 0, 2, 0.05, 557, 111266
10181, 0, 0, 40, 40, 3, 10.28%, 0, 0, 2, 0.05, 558, 111266
10460, 0, 0, 41, 41, 3, 10.28%, 0, 0, 2, 0.05, 571, 111266
10738, 0, 0, 42, 42, 3, 10.28%, 0, 0, 2, 0.05, 584, 111276
10993, 0, 0, 43, 43, 3, 10.28%, 0, 0, 2, 0.05, 597, 111276
11244, 0, 0, 44, 44, 3, 10.28%, 0, 0, 2, 0.05, 610, 111276
11469, 0, 0, 45, 45, 3, 10.28%, 0, 0, 2, 0.05, 623, 111276
11731, 0, 0, 46, 46, 3, 10.28%, 0, 0, 2, 0.05, 636, 111276
11751, 0, 0, 46, 46, 3, 10.28%, 0, 0, 2, 0.05, 637, 111276
12001, 0, 0, 47, 47, 3, 10.28%, 0, 0, 2, 0.05, 650, 111276
12287, 0, 0, 48, 48, 3, 10.28%, 0, 0, 2, 0.05, 663, 111276
12554, 0, 0, 49, 49, 3, 10.28%, 0, 0, 2, 0.05, 676, 111278
12803, 0, 0, 50, 50, 3, 10.28%, 0, 0, 2, 0.05, 689, 111280
13176, 0, 0, 51, 51, 3, 10.28%, 0, 0, 2, 0.05, 702, 111280
13430, 0, 0, 52, 52, 3, 10.28%, 0, 0, 2, 0.05, 715, 111280
13682, 0, 0, 53, 53, 3, 10.28%, 0, 0, 2, 0.05, 728, 111280
13952, 0, 0, 54, 54, 3, 10.28%, 0, 0, 2, 0.05, 741, 111280
14227, 0, 0, 55, 55, 3, 10.29%, 0, 0, 2, 0.05, 754, 111392
14476, 0, 0, 56, 56, 3, 10.29%, 0, 0, 2, 0.05, 767, 111392
14729, 0, 0, 57, 57, 3, 10.29%, 0, 0, 2, 0.05, 780, 111392
14748, 0, 0, 57, 57, 3, 10.29%, 0, 0, 2, 0.05, 781, 111392
14767, 0, 0, 57, 57, 3, 10.29%, 0, 0, 2, 0.05, 782, 111392
15046, 0, 0, 58, 58, 3, 10.29%, 0, 0, 2, 0.05, 795, 111392
15447, 0, 0, 59, 59, 3, 10.29%, 0, 0, 2, 0.05, 808, 111403
15720, 0, 0, 60, 60, 3, 10.29%, 0, 0, 2, 0.05, 821, 111403
15741, 0, 0, 60, 60, 3, 10.29%, 0, 0, 2, 0.05, 822, 111403
16147, 0, 0, 61, 61, 3, 10.29%, 0, 0, 2, 0.05, 835, 111403
16381, 0, 0, 62, 62, 3, 10.30%, 0, 0, 2, 0.05, 848, 111503
16634, 0, 0, 63, 63, 3, 10.30%, 0, 0, 2, 0.05, 861, 111503
16653, 0, 0, 63, 63, 3, 10.30%, 0, 0, 2, 0.05, 862, 111503
16936, 0, 0, 64, 64, 3, 10.30%, 0, 0, 2, 0.05, 875, 111503
17166, 0, 0, 65, 65, 3, 10.30%, 0, 0, 2, 0.05, 888, 111503
17459, 0, 0, 66, 66, 3, 10.30%, 0, 0, 2, 0.05, 901, 111503
17714, 0, 0, 67, 67, 3, 10.30%, 0, 0, 2, 0.05, 914, 111503
17734, 0, 0, 67, 67, 3, 10.30%, 0, 0, 2, 0.05, 915, 111503
17988, 0, 0, 68, 68, 3, 10.30%, 0, 0, 2, 0.05, 928, 111503
18377, 0, 0, 69, 69, 3, 10.30%, 0, 0, 2, 0.05, 941, 111506
18396, 0, 0, 69, 69, 3, 10.30%, 0, 0, 2, 0.05, 942, 111506
18660, 0, 0, 70, 70, 3, 10.30%, 0, 0, 2, 0.05, 955, 111510
18682, 0, 0, 70, 70, 3, 10.30%, 0, 0, 2, 0.05, 956, 111510
18937, 0, 0, 71, 71, 3, 10.30%, 0, 0, 2, 0.05, 969, 111510
18957, 0, 0, 71, 71, 3, 10.30%, 0, 0, 2, 0.05, 970, 111510
19212, 0, 0, 72, 72, 3, 10.31%, 0, 0, 2, 0.05, 983, 111568
19231, 0, 0, 72, 72, 3, 10.31%, 0, 0, 2, 0.05, 984, 111568
19484, 0, 0, 73, 73, 3, 10.31%, 0, 0, 2, 0.05, 997, 111568
20215, 0, 0, 74, 74, 3, 10.31%, 0, 0, 2, 0.05, 1010, 111577
20603, 0, 0, 75, 75, 3, 10.32%, 0, 0, 2, 0.05, 1023, 111698
20842, 0, 0, 76, 76, 3, 10.32%, 0, 0, 2, 0.05, 1036, 111703
20861, 0, 0, 76, 76, 3, 10.32%, 0, 0, 2, 0.05, 1037, 111703
21106, 0, 0, 77, 77, 3, 10.32%, 0, 0, 2, 0.05, 1050, 111703
21361, 0, 0, 78, 78, 3, 10.32%, 0, 0, 2, 0.05, 1063, 111703
21744, 0, 0, 79, 79, 3, 10.32%, 0, 0, 2, 0.05, 1076, 111703
21763, 0, 0, 79, 79, 3, 10.32%, 0, 0, 2, 0.05, 1077, 111703
21784, 0, 0, 79, 79, 3, 10.32%, 0, 0, 2, 0.05, 1078, 111703
22019, 0, 0, 80, 80, 3, 10.32%, 0, 0, 2, 0.05, 1091, 111703
22295, 0, 0, 81, 81, 3, 10.36%, 0, 0, 2, 0.05, 1104, 112144
22568, 0, 0, 82, 82, 3, 10.36%, 0, 0, 2, 0.05, 1117, 112147
22822, 0, 0, 83, 83, 3, 10.36%, 0, 0, 2, 0.05, 1130, 112147
22843, 0, 0, 83, 83, 3, 10.36%, 0, 0, 2, 0.05, 1131, 112147
22863, 0, 0, 83, 83, 3, 10.36%, 0, 0, 2, 0.05, 1132, 112147
23249, 0, 0, 84, 84, 3, 10.36%, 0, 0, 2, 0.05, 1145, 112147
23553, 0, 0, 85, 85, 3, 10.36%, 0, 0, 2, 0.05, 1158, 112147
23821, 0, 0, 86, 86, 3, 10.36%, 0, 0, 2, 0.05, 1171, 112147
24076, 0, 0, 87, 87, 3, 10.36%, 0, 0, 2, 0.05, 1184, 112147
24096, 0, 0, 87, 87, 3, 10.36%, 0, 0, 2, 0.05, 1185, 112147
24376, 0, 0, 88, 88, 3, 10.36%, 0, 0, 2, 0.05, 1198, 112147
24397, 0, 0, 88, 88, 3, 10.36%, 0, 0, 2, 0.05, 1199, 112147
24416, 0, 0, 88, 88, 3, 10.36%, 0, 0, 2, 0.05, 1200, 112147
24670, 0, 0, 89, 89, 3, 10.36%, 0, 0, 2, 0.05, 1213, 112153
24691, 0, 0, 89, 89, 3, 10.36%, 0, 0, 2, 0.05, 1214, 112153
24712, 0, 0, 89, 89, 3, 10.36%, 0, 0, 2, 0.05, 1215, 112153
24997, 0, 0, 90, 90, 3, 10.36%, 0, 0, 2, 0.05, 1228, 112153
25373, 0, 0, 91, 91, 3, 10.36%, 0, 0, 2, 0.05, 1241, 112153
25404, 0, 0, 91, 91, 3, 10.36%, 0, 0, 2, 0.05, 1242, 112153
25427, 0, 0, 91, 91, 3, 10.36%, 0, 0, 2, 0.05, 1243, 112153
25447, 0, 0, 91, 91, 3, 10.36%, 0, 0, 2, 0.05, 1244, 112153
25680, 0, 0, 92, 92, 3, 10.36%, 0, 0, 2, 0.05, 1257, 112153
25700, 0, 0, 92, 92, 3, 10.36%, 0, 0, 2, 0.05, 1258, 112153
25719, 0, 0, 92, 92, 3, 10.36%, 0, 0, 2, 0.05, 1259, 112153
25741, 0, 0, 92, 92, 3, 10.36%, 0, 0, 2, 0.05, 1260, 112153
25762, 0, 0, 92, 92, 3, 10.36%, 0, 0, 2, 0.05, 1261, 112153
25782, 0, 0, 92, 92, 3, 10.36%, 0, 0, 2, 0.05, 1262, 112153
26085, 0, 0, 93, 93, 3, 10.36%, 0, 0, 2, 0.05, 1275, 112153
26105, 0, 0, 93, 93, 3, 10.36%, 0, 0, 2, 0.05, 1276, 112153
26124, 0, 0, 93, 93, 3, 10.36%, 0, 0, 2, 0.05, 1277, 112153
26145, 0, 0, 93, 93, 3, 10.36%, 0, 0, 2, 0.05, 1278, 112153
26166, 0, 0, 93, 93, 3, 10.36%, 0, 0, 2, 0.05, 1279, 112153
26562, 0, 0, 94, 94, 3, 10.36%, 0, 0, 2, 0.05, 1292, 112153
26581, 0, 0, 94, 94, 3, 10.36%, 0, 0, 2, 0.05, 1293, 112153
26888, 0, 0, 95, 95, 3, 10.36%, 0, 0, 2, 0.05, 1306, 112161
27148, 0, 0, 96, 96, 3, 10.36%, 0, 0, 2, 0.05, 1319, 112161
27168, 0, 0, 96, 96, 3, 10.36%, 0, 0, 2, 0.05, 1320, 112161
27190, 0, 0, 96, 96, 3, 10.36%, 0, 0, 2, 0.05, 1321, 112161
27464, 0, 0, 97, 97, 3, 10.36%, 0, 0, 2, 0.05, 1334, 112161
27484, 0, 0, 97, 97, 3, 10.36%, 0, 0, 2, 0.05, 1335, 112161
27751, 0, 0, 98, 98, 3, 10.37%, 0, 0, 2, 0.05, 1348, 112206
27771, 0, 0, 98, 98, 3, 10.37%, 0, 0, 2, 0.05, 1349, 112206
27791, 0, 0, 98, 98, 3, 10.37%, 0, 0, 2, 0.05, 1350, 112206
27812, 0, 0, 98, 98, 3, 10.37%, 0, 0, 2, 0.05, 1351, 112206
28082, 0, 0, 99, 99, 3, 10.37%, 0, 0, 2, 0.05, 1364, 112206
28102, 0, 0, 99, 99, 3, 10.37%, 0, 0, 2, 0.05, 1365, 112206
28327, 0, 0, 100, 100, 3, 10.37%, 0, 0, 2, 0.05, 1378, 112217
28587, 0, 0, 101, 101, 3, 10.37%, 0, 0, 2, 0.05, 1391, 112217
28606, 0, 0, 101, 101, 3, 10.37%, 0, 0, 2, 0.05, 1392, 112217
28864, 0, 0, 102, 102, 3, 10.37%, 0, 0, 2, 0.05, 1405, 112217
28885, 0, 0, 102, 102, 3, 10.37%, 0, 0, 2, 0.05, 1406, 112217
28905, 0, 0, 102, 102, 3, 10.37%, 0, 0, 2, 0.05, 1407, 112217
29240, 0, 0, 103, 103, 3, 10.37%, 0, 0, 2, 0.05, 1420, 112217
29269, 0, 0, 103, 103, 3, 10.37%, 0, 0, 2, 0.05, 1421, 112217
29554, 0, 0, 104, 104, 3, 10.37%, 0, 0, 2, 0.05, 1434, 112217
29815, 0, 0, 105, 105, 3, 10.37%, 0, 0, 2, 0.05, 1447, 112218
29834, 0, 0, 105, 105, 3, 10.37%, 0, 0, 2, 0.05, 1448, 112218
30120, 0, 0, 106, 106, 3, 10.37%, 0, 0, 2, 0.05, 1461, 112218
30650, 0, 0, 107, 107, 3, 10.37%, 0, 0, 2, 0.05, 1474, 112218
30670, 0, 0, 107, 107, 3, 10.37%, 0, 0, 2, 0.05, 1475, 112218
30690, 0, 0, 107, 107, 3, 10.37%, 0, 0, 2, 0.05, 1476, 112218
30947, 0, 0, 108, 108, 3, 10.37%, 0, 0, 2, 0.05, 1489, 112218
30967, 0, 0, 108, 108, 3, 10.37%, 0, 0, 2, 0.05, 1490, 112218
31261, 0, 0, 109, 109, 3, 10.37%, 0, 0, 2, 0.05, 1503, 112218
31520, 0, 0, 110, 110, 3, 10.37%, 0, 0, 2, 0.05, 1516, 112218
31927, 0, 0, 111, 111, 3, 10.37%, 0, 0, 2, 0.05, 1529, 112301
32218, 0, 0, 112, 112, 3, 10.37%, 0, 0, 2, 0.05, 1542, 112301
32610, 0, 0, 113, 113, 3, 10.45%, 0, 0, 2, 0.05, 1555, 113165
32894, 0, 0, 114, 114, 3, 10.45%, 0, 0, 2, 0.05, 1568, 113165
33213, 0, 0, 115, 115, 3, 10.45%, 0, 0, 2, 0.05, 1581, 113169
33458, 0, 0, 116, 116, 3, 10.45%, 0, 0, 2, 0.05, 1594, 113169
33741, 0, 0, 117, 117, 3, 10.45%, 0, 0, 2, 0.05, 1607, 113169
33761, 0, 0, 117, 117, 3, 10.45%, 0, 0, 2, 0.05, 1608, 113169
33781, 0, 0, 117, 117, 3, 10.45%, 0, 0, 2, 0.05, 1609, 113169
34051, 0, 0, 118, 118, 3, 10.49%, 0, 0, 2, 0.05, 1622, 113580
34081, 0, 0, 118, 118, 3, 10.49%, 0, 0, 2, 0.05, 1623, 113580
34103, 0, 0, 118, 118, 3, 10.49%, 0, 0, 2, 0.05, 1624, 113580
34126, 0, 0, 118, 118, 3, 10.49%, 0, 0, 2, 0.05, 1625, 113580
34446, 0, 0, 119, 119, 3, 10.49%, 0, 0, 2, 0.05, 1638, 113580
34467, 0, 0, 119, 119, 3, 10.49%, 0, 0, 2, 0.05, 1639, 113580
34491, 0, 0, 119, 119, 3, 10.49%, 0, 0, 2, 0.05, 1640, 113580
34790, 0, 0, 120, 120, 3, 10.49%, 0, 0, 2, 0.05, 1653, 113580
35055, 0, 0, 121, 121, 3, 10.49%, 0, 0, 2, 0.05, 1666, 113580
35077, 0, 0, 121, 121, 3, 10.49%, 0, 0, 2, 0.05, 1667, 113580
35098, 0, 0, 121, 121, 3, 10.49%, 0, 0, 2, 0.05, 1668, 113580
35379, 0, 0, 122, 122, 3, 10.49%, 0, 0, 2, 0.05, 1681, 113589
35401, 0, 0, 122, 122, 3, 10.49%, 0, 0, 2, 0.05, 1682, 113589
35674, 0, 0, 123, 123, 3, 10.49%, 0, 0, 2, 0.05, 1695, 113590
35940, 0, 0, 124, 124, 3, 10.49%, 0, 0, 2, 0.05, 1708, 113590
35961, 0, 0, 124, 124, 3, 10.49%, 0, 0, 2, 0.05, 1709, 113590
36225, 0, 0, 125, 125, 3, 10.49%, 0, 0, 2, 0.05, 1722, 113591
36245, 0, 0, 125, 125, 3, 10.49%, 0, 0, 2, 0.05, 1723, 113591
36266, 0, 0, 125, 125, 3, 10.49%, 0, 0, 2, 0.05, 1724, 113591
36286, 0, 0, 125, 125, 3, 10.49%, 0, 0, 2, 0.05, 1725, 113591
36569, 0, 0, 126, 126, 3, 10.49%, 0, 0, 2, 0.05, 1738, 113591
36590, 0, 0, 126, 126, 3, 10.49%, 0, 0, 2, 0.05, 1739, 113591
36880, 0, 0, 127, 127, 3, 10.49%, 0, 0, 2, 0.05, 1752, 113601
37128, 0, 0, 128, 128, 3, 10.49%, 0, 0, 2, 0.05, 1765, 113601
37148, 0, 0, 128, 128, 3, 10.49%, 0, 0, 2, 0.05, 1766, 113601
37550, 0, 0, 129, 129, 3, 10.49%, 0, 0, 2, 0.05, 1779, 113601
37570, 0, 0, 129, 129, 3, 10.49%, 0, 0, 2, 0.05, 1780, 113601
37839, 0, 0, 130, 130, 3, 10.49%, 0, 0, 2, 0.05, 1793, 113603
38118, 0, 0, 131, 131, 3, 10.49%, 0, 0, 2, 0.05, 1806, 113603
38139, 0, 0, 131, 131, 3, 10.49%, 0, 0, 2, 0.05, 1807, 113603
38556, 0, 0, 132, 132, 3, 10.53%, 0, 0, 2, 0.05, 1820, 113966
38577, 0, 0, 132, 132, 3, 10.53%, 0, 0, 2, 0.05, 1821, 113966
38599, 0, 0, 132, 132, 3, 10.53%, 0, 0, 2, 0.05, 1822, 113966
38633, 0, 0, 132, 132, 3, 10.53%, 0, 0, 2, 0.04, 1823, 113966
38891, 0, 0, 133, 133, 3, 10.53%, 0, 0, 2, 0.05, 1836, 113966
38912, 0, 0, 133, 133, 3, 10.53%, 0, 0, 2, 0.05, 1837, 113966
38933, 0, 0, 133, 133, 3, 10.53%, 0, 0, 2, 0.05, 1838, 113966
39296, 0, 0, 134, 134, 3, 10.56%, 0, 0, 2, 0.04, 1851, 114271
39612, 0, 0, 135, 135, 3, 10.56%, 0, 0, 2, 0.04, 1864, 114271
39880, 0, 0, 136, 136, 3, 10.56%, 0, 0, 2, 0.04, 1877, 114271
39903, 0, 0, 136, 136, 3, 10.56%, 0, 0, 2, 0.04, 1878, 114271
39928, 0, 0, 136, 136, 3, 10.56%, 0, 0, 2, 0.04, 1879, 114271
39949, 0, 0, 136, 136, 3, 10.56%, 0, 0, 2, 0.04, 1880, 114271
39970, 0, 0, 136, 136, 3, 10.56%, 0, 0, 2, 0.04, 1881, 114271
39991, 0, 0, 136, 136, 3, 10.56%, 0, 0, 2, 0.05, 1882, 114271
40412, 0, 0, 137, 137, 3, 10.56%, 0, 0, 2, 0.04, 1895, 114271
40434, 0, 0, 137, 137, 3, 10.56%, 0, 0, 2, 0.04, 1896, 114271
40454, 0, 0, 137, 137, 3, 10.56%, 0, 0, 2, 0.04, 1897, 114271
40486, 0, 0, 137, 137, 3, 10.56%, 0, 0, 2, 0.04, 1898, 114271
40519, 0, 0, 137, 137, 3, 10.56%, 0, 0, 2, 0.04, 1899, 114271
40812, 0, 0, 138, 138, 3, 10.56%, 0, 0, 2, 0.04, 1912, 114311
41233, 0, 0, 139, 139, 3, 10.56%, 0, 0, 2, 0.04, 1925, 114311
41253, 0, 0, 139, 139, 3, 10.56%, 0, 0, 2, 0.04, 1926, 114311
41521, 0, 0, 140, 140, 3, 10.56%, 0, 0, 2, 0.04, 1939, 114311
41541, 0, 0, 140, 140, 3, 10.56%, 0, 0, 2, 0.04, 1940, 114311
41562, 0, 0, 140, 140, 3, 10.56%, 0, 0, 2, 0.04, 1941, 114311
41582, 0, 0, 140, 140, 3, 10.56%, 0, 0, 2, 0.04, 1942, 114311
41613, 0, 0, 140, 140, 3, 10.56%, 0, 0, 2, 0.04, 1943, 114311
41908, 0, 0, 141, 141, 3, 10.56%, 0, 0, 2, 0.04, 1956, 114311
41929, 0, 0, 141, 141, 3, 10.56%, 0, 0, 2, 0.04, 1957, 114311
41949, 0, 0, 141, 141, 3, 10.56%, 0, 0, 2, 0.04, 1958, 114311
42342, 0, 0, 142, 142, 3, 10.56%, 0, 0, 2, 0.04, 1971, 114311
42700, 0, 0, 143, 143, 3, 10.56%, 0, 0, 2, 0.04, 1984, 114311
42990, 0, 0, 144, 144, 3, 10.57%, 0, 0, 2, 0.04, 1997, 114416
43010, 0, 0, 144, 144, 3, 10.57%, 0, 0, 2, 0.04, 1998, 114416
43031, 0, 0, 144, 144, 3, 10.57%, 0, 0, 2, 0.04, 1999, 114416
43132, 0, 0, 144, 144, 3, 10.57%, 0, 1, 2, 0.04, 2000, 114416
43591, 0, 0, 145, 145, 3, 10.57%, 0, 1, 2, 0.04, 2013, 114416
43611, 0, 0, 145, 145, 3, 10.57%, 0, 1, 2, 0.04, 2014, 114416
43642, 0, 0, 145, 145, 3, 10.57%, 0, 1, 2, 0.04, 2015, 114416
43662, 0, 0, 145, 145, 3, 10.57%, 0, 1, 2, 0.04, 2016, 114416
43683, 0, 0, 145, 145, 3, 10.57%, 0, 1, 2, 0.04, 2017, 114416
43715, 0, 0, 145, 145, 3, 10.57%, 0, 1, 2, 0.04, 2018, 114416
43737, 0, 0, 145, 145, 3, 10.57%, 0, 1, 2, 0.04, 2019, 114416
43988, 0, 0, 146, 146, 3, 10.57%, 0, 1, 2, 0.04, 2032, 114416
44391, 0, 0, 147, 147, 3, 10.58%, 0, 1, 2, 0.04, 2045, 114480
44412, 0, 0, 147, 147, 3, 10.58%, 0, 1, 2, 0.04, 2046, 114480
44710, 0, 0, 148, 148, 3, 10.58%, 0, 1, 2, 0.04, 2059, 114500
44731, 0, 0, 148, 148, 3, 10.58%, 0, 1, 2, 0.04, 2060, 114500
45025, 0, 0, 149, 149, 3, 10.58%, 0, 1, 2, 0.04, 2073, 114500
45046, 0, 0, 149, 149, 3, 10.58%, 0, 1, 2, 0.04, 2074, 114500
45345, 0, 0, 150, 150, 3, 10.58%, 0, 1, 2, 0.04, 2087, 114502
45366, 0, 0, 150, 150, 3, 10.58%, 0, 1, 2, 0.04, 2088, 114502
45646, 0, 0, 151, 151, 3, 10.58%, 0, 1, 2, 0.04, 2101, 114516
45668, 0, 0, 151, 151, 3, 10.58%, 0, 1, 2, 0.04, 2102, 114516
45692, 0, 0, 151, 151, 3, 10.58%, 0, 1, 2, 0.04, 2103, 114516
45713, 0, 0, 151, 151, 3, 10.58%, 0, 1, 2, 0.04, 2104, 114516
45733, 0, 0, 151, 151, 3, 10.58%, 0, 1, 2, 0.04, 2105, 114516
46142, 0, 0, 152, 152, 3, 10.61%, 0, 1, 2, 0.04, 2118, 114838
46165, 0, 0, 152, 152, 3, 10.61%, 0, 1, 2, 0.04, 2119, 114838
46715, 0, 0, 153, 153, 3, 10.61%, 0, 1, 2, 0.04, 2132, 114838
47004, 0, 0, 154, 154, 3, 10.61%, 0, 1, 2, 0.04, 2145, 114838
47024, 0, 0, 154, 154, 3, 10.61%, 0, 1, 2, 0.04, 2146, 114838
47055, 0, 0, 154, 154, 3, 10.61%, 0, 1, 2, 0.04, 2147, 114838
47074, 0, 0, 154, 154, 3, 10.61%, 0, 1, 2, 0.04, 2148, 114838
47096, 0, 0, 154, 154, 3, 10.61%, 0, 1, 2, 0.04, 2149, 114838
47116, 0, 0, 154, 154, 3, 10.61%, 0, 1, 2, 0.04, 2150, 114838
47137, 0, 0, 154, 154, 3, 10.61%, 0, 1, 2, 0.04, 2151, 114838
47158, 0, 0, 154, 154, 3, 10.61%, 0, 1, 2, 0.04, 2152, 114838
47444, 0, 0, 155, 155, 3, 10.61%, 0, 1, 2, 0.04, 2165, 114838
47465, 0, 0, 155, 155, 3, 10.61%, 0, 1, 2, 0.04, 2166, 114838
47487, 0, 0, 155, 155, 3, 10.61%, 0, 1, 2, 0.04, 2167, 114838
47820, 0, 0, 156, 156, 3, 10.61%, 0, 1, 2, 0.04, 2180, 114838
47841, 0, 0, 156, 156, 3, 10.61%, 0, 1, 2, 0.04, 2181, 114838
47863, 0, 0, 156, 156, 3, 10.61%, 0, 1, 2, 0.04, 2182, 114838
48126, 0, 0, 157, 157, 3, 10.61%, 0, 1, 2, 0.04, 2195, 114838
48435, 0, 0, 158, 158, 3, 10.68%, 0, 1, 2, 0.04, 2208, 115591
48773, 0, 0, 159, 159, 3, 10.68%, 0, 1, 2, 0.04, 2221, 115591
48793, 0, 0, 159, 159, 3, 10.68%, 0, 1, 2, 0.04, 2222, 115591
48815, 0, 0, 159, 159, 3, 10.68%, 0, 1, 2, 0.04, 2223, 115591
48836, 0, 0, 159, 159, 3, 10.68%, 0, 1, 2, 0.04, 2224, 115591
48866, 0, 0, 159, 159, 3, 10.68%, 0, 1, 2, 0.04, 2225, 115591
48887, 0, 0, 159, 159, 3, 10.68%, 0, 1, 2, 0.04, 2226, 115591
48909, 0, 0, 159, 159, 3, 10.68%, 0, 1, 2, 0.04, 2227, 115591
48930, 0, 0, 159, 159, 3, 10.68%, 0, 1, 2, 0.04, 2228, 115591
48951, 0, 0, 159, 159, 3, 10.68%, 0, 1, 2, 0.04, 2229, 115591
48972, 0, 0, 159, 159, 3, 10.68%, 0, 1, 2, 0.04, 2230, 115591
48994, 0, 0, 159, 159, 3, 10.68%, 0, 1, 2, 0.04, 2231, 115591
49015, 0, 0, 159, 159, 3, 10.68%, 0, 1, 2, 0.05, 2232, 115591
49036, 0, 0, 159, 159, 3, 10.68%, 0, 1, 2, 0.05, 2233, 115591
49282, 0, 0, 160, 160, 3, 10.68%, 0, 1, 2, 0.04, 2238, 115591
49382, 0, 0, 160, 160, 3, 10.68%, 0, 2, 2, 0.04, 2239, 115591
49483, 0, 0, 160, 160, 3, 10.68%, 0, 3, 2, 0.04, 2240, 115591
49512, 0, 0, 160, 160, 3, 10.68%, 0, 3, 2, 0.00, 2240, 115591
